year	week	away_team	home_team	away_score	home_score
1	1	1	2	-1	-1
1	1	3	29	-1	-1
1	1	4	17	-1	-1
1	1	6	19	-1	-1
1	1	8	7	-1	-1
1	1	10	5	-1	-1
1	1	11	0	-1	-1
1	1	14	12	-1	-1
1	1	16	31	-1	-1
1	1	18	28	-1	-1
1	1	20	15	-1	-1
1	1	22	25	-1	-1
1	1	23	13	-1	-1
1	1	24	21	-1	-1
1	1	26	30	-1	-1
1	1	27	9	-1	-1
1	2	0	1	-1	-1
1	2	2	3	-1	-1
1	2	4	14	-1	-1
1	2	5	8	-1	-1
1	2	7	11	-1	-1
1	2	9	24	-1	-1
1	2	12	10	-1	-1
1	2	15	23	-1	-1
1	2	16	6	-1	-1
1	2	17	19	-1	-1
1	2	21	13	-1	-1
1	2	22	18	-1	-1
1	2	25	26	-1	-1
1	2	27	20	-1	-1
1	2	28	31	-1	-1
1	2	30	29	-1	-1
1	3	1	7	-1	-1
1	3	3	4	-1	-1
1	3	6	5	-1	-1
1	3	8	25	-1	-1
1	3	9	11	-1	-1
1	3	13	15	-1	-1
1	3	18	16	-1	-1
1	3	19	0	-1	-1
1	3	20	14	-1	-1
1	3	23	27	-1	-1
1	3	24	10	-1	-1
1	3	26	22	-1	-1
1	3	28	17	-1	-1
1	3	29	12	-1	-1
1	3	30	2	-1	-1
1	3	31	21	-1	-1
1	4	5	18	-1	-1
1	4	7	6	-1	-1
1	4	8	4	-1	-1
1	4	10	27	-1	-1
1	4	11	26	-1	-1
1	4	12	0	-1	-1
1	4	13	1	-1	-1
1	4	14	9	-1	-1
1	4	15	3	-1	-1
1	4	17	30	-1	-1
1	4	19	28	-1	-1
1	4	20	21	-1	-1
1	4	23	22	-1	-1
1	4	25	24	-1	-1
1	4	29	16	-1	-1
1	4	31	2	-1	-1
1	5	0	5	-1	-1
1	5	1	31	-1	-1
1	5	2	12	-1	-1
1	5	3	28	-1	-1
1	5	4	11	-1	-1
1	5	10	6	-1	-1
1	5	13	8	-1	-1
1	5	15	14	-1	-1
1	5	17	16	-1	-1
1	5	18	29	-1	-1
1	5	21	23	-1	-1
1	5	22	20	-1	-1
1	5	24	7	-1	-1
1	5	25	27	-1	-1
1	5	26	9	-1	-1
1	5	30	19	-1	-1
1	6	0	15	-1	-1
1	6	1	14	-1	-1
1	6	5	19	-1	-1
1	6	6	8	-1	-1
1	6	7	4	-1	-1
1	6	9	25	-1	-1
1	6	12	13	-1	-1
1	6	16	2	-1	-1
1	6	20	10	-1	-1
1	6	21	17	-1	-1
1	6	23	11	-1	-1
1	6	26	24	-1	-1
1	6	27	29	-1	-1
1	6	31	18	-1	-1
1	7	3	2	-1	-1
1	7	4	10	-1	-1
1	7	5	15	-1	-1
1	7	9	8	-1	-1
1	7	12	20	-1	-1
1	7	13	22	-1	-1
1	7	18	7	-1	-1
1	7	19	26	-1	-1
1	7	24	31	-1	-1
1	7	25	21	-1	-1
1	7	28	1	-1	-1
1	7	29	17	-1	-1
1	7	30	23	-1	-1
1	8	1	0	-1	-1
1	8	2	6	-1	-1
1	8	9	3	-1	-1
1	8	11	10	-1	-1
1	8	14	23	-1	-1
1	8	15	13	-1	-1
1	8	16	27	-1	-1
1	8	17	5	-1	-1
1	8	18	25	-1	-1
1	8	19	4	-1	-1
1	8	21	12	-1	-1
1	8	22	24	-1	-1
1	8	26	20	-1	-1
1	8	29	28	-1	-1
1	8	31	30	-1	-1
1	9	0	14	-1	-1
1	9	2	29	-1	-1
1	9	3	13	-1	-1
1	9	4	16	-1	-1
1	9	6	18	-1	-1
1	9	7	17	-1	-1
1	9	10	9	-1	-1
1	9	12	1	-1	-1
1	9	15	21	-1	-1
1	9	20	22	-1	-1
1	9	24	11	-1	-1
1	9	26	5	-1	-1
1	9	27	8	-1	-1
1	9	28	30	-1	-1
1	10	0	3	-1	-1
1	10	5	7	-1	-1
1	10	8	1	-1	-1
1	10	10	2	-1	-1
1	10	14	13	-1	-1
1	10	18	4	-1	-1
1	10	21	22	-1	-1
1	10	23	26	-1	-1
1	10	25	11	-1	-1
1	10	27	6	-1	-1
1	10	28	16	-1	-1
1	10	29	20	-1	-1
1	10	30	15	-1	-1
1	10	31	19	-1	-1
1	11	1	3	-1	-1
1	11	2	28	-1	-1
1	11	8	24	-1	-1
1	11	9	7	-1	-1
1	11	11	6	-1	-1
1	11	12	15	-1	-1
1	11	13	0	-1	-1
1	11	16	5	-1	-1
1	11	17	31	-1	-1
1	11	19	29	-1	-1
1	11	20	23	-1	-1
1	11	22	14	-1	-1
1	11	25	10	-1	-1
1	11	26	27	-1	-1
1	11	30	18	-1	-1
1	12	0	30	-1	-1
1	12	3	12	-1	-1
1	12	6	4	-1	-1
1	12	7	16	-1	-1
1	12	10	8	-1	-1
1	12	11	9	-1	-1
1	12	15	2	-1	-1
1	12	18	17	-1	-1
1	12	21	26	-1	-1
1	12	23	19	-1	-1
1	12	24	25	-1	-1
1	12	27	22	-1	-1
1	12	28	14	-1	-1
1	12	29	1	-1	-1
1	12	31	13	-1	-1
1	13	2	0	-1	-1
1	13	4	5	-1	-1
1	13	6	9	-1	-1
1	13	8	11	-1	-1
1	13	13	12	-1	-1
1	13	14	21	-1	-1
1	13	16	30	-1	-1
1	13	17	1	-1	-1
1	13	18	3	-1	-1
1	13	19	7	-1	-1
1	13	20	24	-1	-1
1	13	22	23	-1	-1
1	13	27	25	-1	-1
1	13	31	28	-1	-1
1	14	0	31	-1	-1
1	14	7	5	-1	-1
1	14	8	10	-1	-1
1	14	11	27	-1	-1
1	14	14	15	-1	-1
1	14	16	19	-1	-1
1	14	17	6	-1	-1
1	14	21	20	-1	-1
1	14	22	9	-1	-1
1	14	23	12	-1	-1
1	14	24	26	-1	-1
1	14	25	4	-1	-1
1	14	28	29	-1	-1
1	14	30	3	-1	-1
1	15	2	13	-1	-1
1	15	3	1	-1	-1
1	15	5	6	-1	-1
1	15	7	10	-1	-1
1	15	9	4	-1	-1
1	15	12	14	-1	-1
1	15	15	11	-1	-1
1	15	16	17	-1	-1
1	15	19	18	-1	-1
1	15	20	25	-1	-1
1	15	23	21	-1	-1
1	15	26	8	-1	-1
1	15	27	24	-1	-1
1	15	28	22	-1	-1
1	15	29	0	-1	-1
1	15	30	31	-1	-1
1	16	0	2	-1	-1
1	16	1	30	-1	-1
1	16	4	7	-1	-1
1	16	6	12	-1	-1
1	16	8	9	-1	-1
1	16	10	26	-1	-1
1	16	11	5	-1	-1
1	16	13	20	-1	-1
1	16	14	3	-1	-1
1	16	17	18	-1	-1
1	16	19	16	-1	-1
1	16	21	27	-1	-1
1	16	22	15	-1	-1
1	16	24	23	-1	-1
1	16	25	28	-1	-1
1	16	31	29	-1	-1
1	17	1	15	-1	-1
1	17	4	6	-1	-1
1	17	5	9	-1	-1
1	17	7	13	-1	-1
1	17	10	11	-1	-1
1	17	12	22	-1	-1
1	17	14	2	-1	-1
1	17	17	24	-1	-1
1	17	18	19	-1	-1
1	17	20	16	-1	-1
1	17	21	8	-1	-1
1	17	25	23	-1	-1
1	17	27	26	-1	-1
1	17	28	0	-1	-1
1	17	29	30	-1	-1
1	17	31	3	-1	-1
1	18	2	1	-1	-1
1	18	3	0	-1	-1
1	18	5	4	-1	-1
1	18	6	7	-1	-1
1	18	9	10	-1	-1
1	18	11	8	-1	-1
1	18	13	14	-1	-1
1	18	15	12	-1	-1
1	18	16	18	-1	-1
1	18	19	17	-1	-1
1	18	22	21	-1	-1
1	18	23	20	-1	-1
1	18	24	27	-1	-1
1	18	26	25	-1	-1
1	18	29	31	-1	-1
1	18	30	28	-1	-1
2	1	0	11	-1	-1
2	1	2	1	-1	-1
2	1	4	6	-1	-1
2	1	5	19	-1	-1
2	1	7	16	-1	-1
2	1	9	23	-1	-1
2	1	13	10	-1	-1
2	1	15	8	-1	-1
2	1	17	20	-1	-1
2	1	21	18	-1	-1
2	1	25	12	-1	-1
2	1	27	14	-1	-1
2	1	28	26	-1	-1
2	1	29	3	-1	-1
2	1	30	22	-1	-1
2	1	31	24	-1	-1
2	2	1	0	-1	-1
2	2	3	2	-1	-1
2	2	5	17	-1	-1
2	2	6	12	-1	-1
2	2	8	13	-1	-1
2	2	10	4	-1	-1
2	2	11	15	-1	-1
2	2	14	24	-1	-1
2	2	16	23	-1	-1
2	2	19	7	-1	-1
2	2	20	9	-1	-1
2	2	22	21	-1	-1
2	2	26	18	-1	-1
2	2	27	25	-1	-1
2	2	29	30	-1	-1
2	2	31	28	-1	-1
2	3	0	27	-1	-1
2	3	2	30	-1	-1
2	3	4	29	-1	-1
2	3	6	16	-1	-1
2	3	7	5	-1	-1
2	3	10	20	-1	-1
2	3	11	9	-1	-1
2	3	12	3	-1	-1
2	3	13	14	-1	-1
2	3	15	1	-1	-1
2	3	17	31	-1	-1
2	3	18	22	-1	-1
2	3	21	8	-1	-1
2	3	23	19	-1	-1
2	3	24	26	-1	-1
2	3	25	28	-1	-1
2	4	0	4	-1	-1
2	4	1	5	-1	-1
2	4	2	31	-1	-1
2	4	3	7	-1	-1
2	4	9	6	-1	-1
2	4	12	8	-1	-1
2	4	14	15	-1	-1
2	4	17	16	-1	-1
2	4	18	19	-1	-1
2	4	20	21	-1	-1
2	4	22	11	-1	-1
2	4	23	10	-1	-1
2	4	24	29	-1	-1
2	4	26	13	-1	-1
2	4	28	27	-1	-1
2	4	30	25	-1	-1
2	5	4	2	-1	-1
2	5	6	7	-1	-1
2	5	8	5	-1	-1
2	5	9	22	-1	-1
2	5	11	12	-1	-1
2	5	13	0	-1	-1
2	5	14	10	-1	-1
2	5	15	20	-1	-1
2	5	16	18	-1	-1
2	5	19	17	-1	-1
2	5	23	21	-1	-1
2	5	24	25	-1	-1
2	5	27	30	-1	-1
2	5	28	3	-1	-1
2	5	29	26	-1	-1
2	5	31	1	-1	-1
2	6	2	24	-1	-1
2	6	5	4	-1	-1
2	6	6	1	-1	-1
2	6	7	0	-1	-1
2	6	8	14	-1	-1
2	6	10	16	-1	-1
2	6	11	19	-1	-1
2	6	12	15	-1	-1
2	6	20	22	-1	-1
2	6	21	9	-1	-1
2	6	25	17	-1	-1
2	6	26	31	-1	-1
2	6	27	13	-1	-1
2	6	29	23	-1	-1
2	7	1	28	-1	-1
2	7	2	3	-1	-1
2	7	7	13	-1	-1
2	7	8	9	-1	-1
2	7	10	12	-1	-1
2	7	15	26	-1	-1
2	7	16	4	-1	-1
2	7	17	21	-1	-1
2	7	18	5	-1	-1
2	7	19	30	-1	-1
2	7	22	27	-1	-1
2	7	25	29	-1	-1
2	7	31	20	-1	-1
2	8	0	1	-1	-1
2	8	3	9	-1	-1
2	8	4	17	-1	-1
2	8	5	7	-1	-1
2	8	10	11	-1	-1
2	8	12	27	-1	-1
2	8	13	25	-1	-1
2	8	14	2	-1	-1
2	8	16	22	-1	-1
2	8	19	6	-1	-1
2	8	20	18	-1	-1
2	8	21	26	-1	-1
2	8	23	24	-1	-1
2	8	28	29	-1	-1
2	8	30	31	-1	-1
2	9	1	4	-1	-1
2	9	5	3	-1	-1
2	9	6	0	-1	-1
2	9	8	23	-1	-1
2	9	9	10	-1	-1
2	9	11	20	-1	-1
2	9	13	22	-1	-1
2	9	17	7	-1	-1
2	9	18	16	-1	-1
2	9	24	12	-1	-1
2	9	25	15	-1	-1
2	9	26	14	-1	-1
2	9	29	2	-1	-1
2	9	30	28	-1	-1
2	10	1	8	-1	-1
2	10	2	10	-1	-1
2	10	3	0	-1	-1
2	10	5	6	-1	-1
2	10	7	30	-1	-1
2	10	11	21	-1	-1
2	10	12	26	-1	-1
2	10	14	23	-1	-1
2	10	15	13	-1	-1
2	10	16	29	-1	-1
2	10	18	17	-1	-1
2	10	22	19	-1	-1
2	10	24	28	-1	-1
2	10	27	31	-1	-1
2	11	0	5	-1	-1
2	11	3	1	-1	-1
2	11	6	18	-1	-1
2	11	7	4	-1	-1
2	11	10	21	-1	-1
2	11	13	24	-1	-1
2	11	14	11	-1	-1
2	11	15	9	-1	-1
2	11	19	16	-1	-1
2	11	20	8	-1	-1
2	11	23	22	-1	-1
2	11	26	30	-1	-1
2	11	28	2	-1	-1
2	11	29	27	-1	-1
2	11	31	25	-1	-1
2	12	1	29	-1	-1
2	12	2	7	-1	-1
2	12	4	3	-1	-1
2	12	5	31	-1	-1
2	12	6	28	-1	-1
2	12	8	10	-1	-1
2	12	9	11	-1	-1
2	12	12	14	-1	-1
2	12	18	23	-1	-1
2	12	21	20	-1	-1
2	12	22	17	-1	-1
2	12	24	15	-1	-1
2	12	25	26	-1	-1
2	12	27	19	-1	-1
2	12	30	0	-1	-1
2	13	0	2	-1	-1
2	13	1	25	-1	-1
2	13	3	26	-1	-1
2	13	4	5	-1	-1
2	13	9	14	-1	-1
2	13	11	8	-1	-1
2	13	13	12	-1	-1
2	13	15	27	-1	-1
2	13	17	6	-1	-1
2	13	19	18	-1	-1
2	13	20	16	-1	-1
2	13	21	23	-1	-1
2	13	28	31	-1	-1
2	13	30	24	-1	-1
2	14	3	30	-1	-1
2	14	4	19	-1	-1
2	14	7	6	-1	-1
2	14	9	18	-1	-1
2	14	10	8	-1	-1
2	14	12	21	-1	-1
2	14	13	15	-1	-1
2	14	14	25	-1	-1
2	14	16	17	-1	-1
2	14	22	20	-1	-1
2	14	23	11	-1	-1
2	14	27	24	-1	-1
2	14	29	28	-1	-1
2	14	31	0	-1	-1
2	15	0	29	-1	-1
2	15	1	3	-1	-1
2	15	5	2	-1	-1
2	15	6	4	-1	-1
2	15	8	22	-1	-1
2	15	10	15	-1	-1
2	15	11	7	-1	-1
2	15	12	9	-1	-1
2	15	14	13	-1	-1
2	15	17	19	-1	-1
2	15	18	28	-1	-1
2	15	20	23	-1	-1
2	15	21	16	-1	-1
2	15	25	24	-1	-1
2	15	26	27	-1	-1
2	15	31	30	-1	-1
2	16	2	0	-1	-1
2	16	3	6	-1	-1
2	16	4	14	-1	-1
2	16	7	18	-1	-1
2	16	9	8	-1	-1
2	16	13	11	-1	-1
2	16	15	12	-1	-1
2	16	16	5	-1	-1
2	16	19	20	-1	-1
2	16	22	10	-1	-1
2	16	23	17	-1	-1
2	16	24	27	-1	-1
2	16	26	25	-1	-1
2	16	28	21	-1	-1
2	16	29	31	-1	-1
2	16	30	1	-1	-1
2	17	0	28	-1	-1
2	17	2	6	-1	-1
2	17	3	31	-1	-1
2	17	5	15	-1	-1
2	17	7	1	-1	-1
2	17	8	17	-1	-1
2	17	9	13	-1	-1
2	17	11	10	-1	-1
2	17	14	12	-1	-1
2	17	18	4	-1	-1
2	17	19	21	-1	-1
2	17	20	25	-1	-1
2	17	22	23	-1	-1
2	17	24	16	-1	-1
2	17	27	26	-1	-1
2	17	30	29	-1	-1
2	18	0	3	-1	-1
2	18	1	2	-1	-1
2	18	4	7	-1	-1
2	18	6	5	-1	-1
2	18	8	11	-1	-1
2	18	10	9	-1	-1
2	18	12	13	-1	-1
2	18	15	14	-1	-1
2	18	16	19	-1	-1
2	18	17	18	-1	-1
2	18	21	22	-1	-1
2	18	23	20	-1	-1
2	18	25	27	-1	-1
2	18	26	24	-1	-1
2	18	28	30	-1	-1
2	18	31	29	-1	-1
3	1	0	26	-1	-1
3	1	2	3	-1	-1
3	1	4	1	-1	-1
3	1	5	8	-1	-1
3	1	7	10	-1	-1
3	1	9	30	-1	-1
3	1	11	28	-1	-1
3	1	15	13	-1	-1
3	1	16	14	-1	-1
3	1	17	12	-1	-1
3	1	19	22	-1	-1
3	1	20	6	-1	-1
3	1	21	18	-1	-1
3	1	23	27	-1	-1
3	1	29	24	-1	-1
3	1	31	25	-1	-1
3	2	1	2	-1	-1
3	2	3	0	-1	-1
3	2	6	21	-1	-1
3	2	8	4	-1	-1
3	2	9	15	-1	-1
3	2	10	5	-1	-1
3	2	12	16	-1	-1
3	2	13	7	-1	-1
3	2	18	14	-1	-1
3	2	19	31	-1	-1
3	2	20	17	-1	-1
3	2	22	23	-1	-1
3	2	25	24	-1	-1
3	2	27	26	-1	-1
3	2	29	11	-1	-1
3	2	30	28	-1	-1
3	3	0	9	-1	-1
3	3	2	8	-1	-1
3	3	5	22	-1	-1
3	3	6	4	-1	-1
3	3	11	10	-1	-1
3	3	14	12	-1	-1
3	3	16	20	-1	-1
3	3	17	15	-1	-1
3	3	21	7	-1	-1
3	3	23	19	-1	-1
3	3	24	18	-1	-1
3	3	25	30	-1	-1
3	3	26	13	-1	-1
3	3	27	3	-1	-1
3	3	28	1	-1	-1
3	3	31	29	-1	-1
3	4	4	23	-1	-1
3	4	5	9	-1	-1
3	4	7	20	-1	-1
3	4	8	11	-1	-1
3	4	10	31	-1	-1
3	4	12	0	-1	-1
3	4	13	1	-1	-1
3	4	14	2	-1	-1
3	4	15	6	-1	-1
3	4	16	19	-1	-1
3	4	17	18	-1	-1
3	4	22	21	-1	-1
3	4	24	3	-1	-1
3	4	26	29	-1	-1
3	4	28	25	-1	-1
3	4	30	27	-1	-1
3	5	0	25	-1	-1
3	5	1	10	-1	-1
3	5	2	24	-1	-1
3	5	3	13	-1	-1
3	5	7	11	-1	-1
3	5	9	4	-1	-1
3	5	12	15	-1	-1
3	5	14	5	-1	-1
3	5	18	16	-1	-1
3	5	19	17	-1	-1
3	5	21	8	-1	-1
3	5	22	20	-1	-1
3	5	23	6	-1	-1
3	5	27	28	-1	-1
3	5	30	29	-1	-1
3	5	31	26	-1	-1
3	6	1	12	-1	-1
3	6	2	15	-1	-1
3	6	6	22	-1	-1
3	6	8	9	-1	-1
3	6	10	28	-1	-1
3	6	11	5	-1	-1
3	6	13	14	-1	-1
3	6	16	4	-1	-1
3	6	17	7	-1	-1
3	6	18	30	-1	-1
3	6	20	26	-1	-1
3	6	23	21	-1	-1
3	6	24	31	-1	-1
3	6	29	3	-1	-1
3	7	0	3	-1	-1
3	7	6	5	-1	-1
3	7	9	7	-1	-1
3	7	10	12	-1	-1
3	7	13	17	-1	-1
3	7	14	19	-1	-1
3	7	21	24	-1	-1
3	7	22	18	-1	-1
3	7	25	2	-1	-1
3	7	26	30	-1	-1
3	7	27	16	-1	-1
3	7	28	23	-1	-1
3	7	31	8	-1	-1
3	8	2	1	-1	-1
3	8	3	11	-1	-1
3	8	4	7	-1	-1
3	8	6	0	-1	-1
3	8	12	14	-1	-1
3	8	15	16	-1	-1
3	8	18	13	-1	-1
3	8	19	21	-1	-1
3	8	23	17	-1	-1
3	8	24	27	-1	-1
3	8	26	25	-1	-1
3	8	28	9	-1	-1
3	8	29	20	-1	-1
3	8	30	10	-1	-1
3	8	31	22	-1	-1
3	9	0	14	-1	-1
3	9	1	15	-1	-1
3	9	3	26	-1	-1
3	9	7	6	-1	-1
3	9	8	30	-1	-1
3	9	9	29	-1	-1
3	9	11	31	-1	-1
3	9	12	18	-1	-1
3	9	13	2	-1	-1
3	9	17	19	-1	-1
3	9	20	5	-1	-1
3	9	21	4	-1	-1
3	9	23	10	-1	-1
3	9	25	27	-1	-1
3	10	1	0	-1	-1
3	10	5	2	-1	-1
3	10	7	3	-1	-1
3	10	10	8	-1	-1
3	10	15	14	-1	-1
3	10	16	23	-1	-1
3	10	18	19	-1	-1
3	10	20	11	-1	-1
3	10	22	4	-1	-1
3	10	24	28	-1	-1
3	10	25	29	-1	-1
3	10	26	17	-1	-1
3	10	27	12	-1	-1
3	10	31	9	-1	-1
3	11	2	0	-1	-1
3	11	3	25	-1	-1
3	11	4	11	-1	-1
3	11	5	21	-1	-1
3	11	6	8	-1	-1
3	11	13	12	-1	-1
3	11	14	1	-1	-1
3	11	17	16	-1	-1
3	11	19	15	-1	-1
3	11	22	7	-1	-1
3	11	23	20	-1	-1
3	11	27	31	-1	-1
3	11	28	26	-1	-1
3	11	29	10	-1	-1
3	11	30	24	-1	-1
3	12	0	13	-1	-1
3	12	1	27	-1	-1
3	12	4	6	-1	-1
3	12	7	5	-1	-1
3	12	8	29	-1	-1
3	12	11	9	-1	-1
3	12	12	3	-1	-1
3	12	16	28	-1	-1
3	12	18	23	-1	-1
3	12	20	19	-1	-1
3	12	21	22	-1	-1
3	12	24	14	-1	-1
3	12	25	15	-1	-1
3	12	26	2	-1	-1
3	12	31	30	-1	-1
3	13	3	1	-1	-1
3	13	5	4	-1	-1
3	13	9	10	-1	-1
3	13	11	6	-1	-1
3	13	14	13	-1	-1
3	13	15	18	-1	-1
3	13	17	21	-1	-1
3	13	19	16	-1	-1
3	13	20	22	-1	-1
3	13	24	25	-1	-1
3	13	28	8	-1	-1
3	13	29	27	-1	-1
3	13	30	2	-1	-1
3	13	31	0	-1	-1
3	14	1	24	-1	-1
3	14	4	20	-1	-1
3	14	5	7	-1	-1
3	14	8	10	-1	-1
3	14	15	12	-1	-1
3	14	16	13	-1	-1
3	14	18	17	-1	-1
3	14	19	6	-1	-1
3	14	21	23	-1	-1
3	14	22	9	-1	-1
3	14	25	26	-1	-1
3	14	27	0	-1	-1
3	14	29	28	-1	-1
3	14	30	11	-1	-1
3	15	0	2	-1	-1
3	15	3	14	-1	-1
3	15	6	9	-1	-1
3	15	8	7	-1	-1
3	15	10	11	-1	-1
3	15	12	4	-1	-1
3	15	13	15	-1	-1
3	15	16	18	-1	-1
3	15	17	22	-1	-1
3	15	20	21	-1	-1
3	15	23	5	-1	-1
3	15	25	19	-1	-1
3	15	26	1	-1	-1
3	15	27	24	-1	-1
3	15	28	31	-1	-1
3	15	29	30	-1	-1
3	16	1	3	-1	-1
3	16	2	27	-1	-1
3	16	4	10	-1	-1
3	16	5	6	-1	-1
3	16	7	23	-1	-1
3	16	9	8	-1	-1
3	16	11	13	-1	-1
3	16	14	17	-1	-1
3	16	15	0	-1	-1
3	16	18	20	-1	-1
3	16	19	12	-1	-1
3	16	21	16	-1	-1
3	16	22	25	-1	-1
3	16	24	26	-1	-1
3	16	28	29	-1	-1
3	16	30	31	-1	-1
3	17	2	12	-1	-1
3	17	7	4	-1	-1
3	17	8	14	-1	-1
3	17	9	11	-1	-1
3	17	10	6	-1	-1
3	17	13	19	-1	-1
3	17	15	3	-1	-1
3	17	17	29	-1	-1
3	17	18	5	-1	-1
3	17	20	23	-1	-1
3	17	22	16	-1	-1
3	17	24	0	-1	-1
3	17	25	1	-1	-1
3	17	26	27	-1	-1
3	17	30	21	-1	-1
3	17	31	28	-1	-1
3	18	0	1	-1	-1
3	18	3	2	-1	-1
3	18	4	5	-1	-1
3	18	6	7	-1	-1
3	18	10	9	-1	-1
3	18	11	8	-1	-1
3	18	12	13	-1	-1
3	18	14	15	-1	-1
3	18	16	17	-1	-1
3	18	19	18	-1	-1
3	18	21	20	-1	-1
3	18	23	22	-1	-1
3	18	26	24	-1	-1
3	18	27	25	-1	-1
3	18	28	30	-1	-1
3	18	29	31	-1	-1
4	1	0	3	-1	-1
4	1	2	9	-1	-1
4	1	5	10	-1	-1
4	1	7	8	-1	-1
4	1	11	29	-1	-1
4	1	13	18	-1	-1
4	1	14	12	-1	-1
4	1	15	17	-1	-1
4	1	19	30	-1	-1
4	1	21	4	-1	-1
4	1	23	6	-1	-1
4	1	24	28	-1	-1
4	1	25	22	-1	-1
4	1	26	20	-1	-1
4	1	27	1	-1	-1
4	1	31	16	-1	-1
4	2	1	0	-1	-1
4	2	3	2	-1	-1
4	2	4	22	-1	-1
4	2	8	14	-1	-1
4	2	9	5	-1	-1
4	2	10	7	-1	-1
4	2	12	6	-1	-1
4	2	15	19	-1	-1
4	2	17	13	-1	-1
4	2	18	29	-1	-1
4	2	20	16	-1	-1
4	2	21	23	-1	-1
4	2	25	26	-1	-1
4	2	27	24	-1	-1
4	2	28	31	-1	-1
4	2	30	11	-1	-1
4	3	0	24	-1	-1
4	3	2	21	-1	-1
4	3	5	3	-1	-1
4	3	6	1	-1	-1
4	3	7	4	-1	-1
4	3	8	30	-1	-1
4	3	9	11	-1	-1
4	3	12	18	-1	-1
4	3	13	15	-1	-1
4	3	14	27	-1	-1
4	3	16	28	-1	-1
4	3	19	25	-1	-1
4	3	22	20	-1	-1
4	3	23	26	-1	-1
4	3	29	17	-1	-1
4	3	31	10	-1	-1
4	4	0	25	-1	-1
4	4	1	13	-1	-1
4	4	2	14	-1	-1
4	4	3	15	-1	-1
4	4	4	5	-1	-1
4	4	6	10	-1	-1
4	4	11	12	-1	-1
4	4	16	17	-1	-1
4	4	19	18	-1	-1
4	4	20	7	-1	-1
4	4	22	27	-1	-1
4	4	24	23	-1	-1
4	4	26	21	-1	-1
4	4	28	9	-1	-1
4	4	29	8	-1	-1
4	4	30	31	-1	-1
4	5	4	8	-1	-1
4	5	5	30	-1	-1
4	5	7	2	-1	-1
4	5	9	6	-1	-1
4	5	10	15	-1	-1
4	5	11	28	-1	-1
4	5	12	13	-1	-1
4	5	14	0	-1	-1
4	5	17	19	-1	-1
4	5	18	16	-1	-1
4	5	21	24	-1	-1
4	5	22	23	-1	-1
4	5	25	3	-1	-1
4	5	26	1	-1	-1
4	5	27	20	-1	-1
4	5	29	31	-1	-1
4	6	0	22	-1	-1
4	6	6	5	-1	-1
4	6	8	18	-1	-1
4	6	9	17	-1	-1
4	6	10	4	-1	-1
4	6	12	3	-1	-1
4	6	13	2	-1	-1
4	6	15	14	-1	-1
4	6	20	25	-1	-1
4	6	21	7	-1	-1
4	6	23	19	-1	-1
4	6	27	29	-1	-1
4	6	30	28	-1	-1
4	6	31	11	-1	-1
4	7	0	1	-1	-1
4	7	3	26	-1	-1
4	7	5	20	-1	-1
4	7	8	6	-1	-1
4	7	10	11	-1	-1
4	7	13	7	-1	-1
4	7	16	15	-1	-1
4	7	17	24	-1	-1
4	7	18	14	-1	-1
4	7	19	31	-1	-1
4	7	23	27	-1	-1
4	7	25	30	-1	-1
4	7	28	21	-1	-1
4	8	1	11	-1	-1
4	8	2	3	-1	-1
4	8	4	0	-1	-1
4	8	6	21	-1	-1
4	8	7	23	-1	-1
4	8	8	9	-1	-1
4	8	14	19	-1	-1
4	8	15	13	-1	-1
4	8	17	12	-1	-1
4	8	18	28	-1	-1
4	8	24	25	-1	-1
4	8	26	27	-1	-1
4	8	29	22	-1	-1
4	8	30	16	-1	-1
4	8	31	20	-1	-1
4	9	3	14	-1	-1
4	9	7	28	-1	-1
4	9	9	30	-1	-1
4	9	10	29	-1	-1
4	9	11	8	-1	-1
4	9	12	2	-1	-1
4	9	15	1	-1	-1
4	9	16	18	-1	-1
4	9	19	13	-1	-1
4	9	20	4	-1	-1
4	9	22	6	-1	-1
4	9	23	5	-1	-1
4	9	24	26	-1	-1
4	9	27	0	-1	-1
4	10	0	8	-1	-1
4	10	1	2	-1	-1
4	10	3	10	-1	-1
4	10	4	29	-1	-1
4	10	5	7	-1	-1
4	10	6	20	-1	-1
4	10	9	31	-1	-1
4	10	13	24	-1	-1
4	10	15	12	-1	-1
4	10	16	19	-1	-1
4	10	18	27	-1	-1
4	10	21	25	-1	-1
4	10	22	26	-1	-1
4	10	28	17	-1	-1
4	11	1	3	-1	-1
4	11	2	15	-1	-1
4	11	4	9	-1	-1
4	11	5	11	-1	-1
4	11	7	22	-1	-1
4	11	8	31	-1	-1
4	11	12	16	-1	-1
4	11	13	14	-1	-1
4	11	17	18	-1	-1
4	11	20	24	-1	-1
4	11	25	23	-1	-1
4	11	26	0	-1	-1
4	11	27	21	-1	-1
4	11	29	28	-1	-1
4	11	30	10	-1	-1
4	12	0	13	-1	-1
4	12	3	27	-1	-1
4	12	6	4	-1	-1
4	12	10	8	-1	-1
4	12	11	9	-1	-1
4	12	12	26	-1	-1
4	12	14	1	-1	-1
4	12	15	25	-1	-1
4	12	16	29	-1	-1
4	12	21	17	-1	-1
4	12	22	5	-1	-1
4	12	23	20	-1	-1
4	12	24	2	-1	-1
4	12	28	19	-1	-1
4	12	31	30	-1	-1
4	13	1	20	-1	-1
4	13	2	0	-1	-1
4	13	3	23	-1	-1
4	13	5	21	-1	-1
4	13	7	6	-1	-1
4	13	9	10	-1	-1
4	13	11	4	-1	-1
4	13	14	15	-1	-1
4	13	17	16	-1	-1
4	13	19	12	-1	-1
4	13	24	22	-1	-1
4	13	26	25	-1	-1
4	13	30	18	-1	-1
4	13	31	29	-1	-1
4	14	1	24	-1	-1
4	14	4	23	-1	-1
4	14	6	31	-1	-1
4	14	7	5	-1	-1
4	14	8	10	-1	-1
4	14	11	16	-1	-1
4	14	13	12	-1	-1
4	14	14	17	-1	-1
4	14	18	19	-1	-1
4	14	21	22	-1	-1
4	14	25	2	-1	-1
4	14	27	26	-1	-1
4	14	28	30	-1	-1
4	14	29	9	-1	-1
4	15	2	27	-1	-1
4	15	3	1	-1	-1
4	15	4	7	-1	-1
4	15	6	11	-1	-1
4	15	8	5	-1	-1
4	15	9	13	-1	-1
4	15	10	28	-1	-1
4	15	12	14	-1	-1
4	15	15	0	-1	-1
4	15	16	26	-1	-1
4	15	19	17	-1	-1
4	15	20	21	-1	-1
4	15	23	22	-1	-1
4	15	25	24	-1	-1
4	15	30	29	-1	-1
4	15	31	18	-1	-1
4	16	0	2	-1	-1
4	16	1	12	-1	-1
4	16	5	6	-1	-1
4	16	7	9	-1	-1
4	16	11	10	-1	-1
4	16	13	16	-1	-1
4	16	14	4	-1	-1
4	16	17	30	-1	-1
4	16	18	15	-1	-1
4	16	20	23	-1	-1
4	16	22	21	-1	-1
4	16	24	3	-1	-1
4	16	26	31	-1	-1
4	16	27	25	-1	-1
4	16	28	8	-1	-1
4	16	29	19	-1	-1
4	17	0	12	-1	-1
4	17	1	25	-1	-1
4	17	2	26	-1	-1
4	17	4	6	-1	-1
4	17	9	8	-1	-1
4	17	10	19	-1	-1
4	17	11	7	-1	-1
4	17	13	3	-1	-1
4	17	15	5	-1	-1
4	17	16	14	-1	-1
4	17	17	31	-1	-1
4	17	21	20	-1	-1
4	17	22	18	-1	-1
4	17	24	27	-1	-1
4	17	28	29	-1	-1
4	17	30	23	-1	-1
4	18	2	1	-1	-1
4	18	3	0	-1	-1
4	18	5	4	-1	-1
4	18	6	7	-1	-1
4	18	8	11	-1	-1
4	18	10	9	-1	-1
4	18	12	15	-1	-1
4	18	14	13	-1	-1
4	18	18	17	-1	-1
4	18	19	16	-1	-1
4	18	20	22	-1	-1
4	18	23	21	-1	-1
4	18	25	27	-1	-1
4	18	26	24	-1	-1
4	18	29	30	-1	-1
4	18	31	28	-1	-1
5	1	0	1	-1	-1
5	1	2	20	-1	-1
5	1	5	7	-1	-1
5	1	9	12	-1	-1
5	1	10	3	-1	-1
5	1	11	14	-1	-1
5	1	13	18	-1	-1
5	1	15	16	-1	-1
5	1	17	23	-1	-1
5	1	19	22	-1	-1
5	1	25	28	-1	-1
5	1	26	4	-1	-1
5	1	27	6	-1	-1
5	1	29	21	-1	-1
5	1	30	8	-1	-1
5	1	31	24	-1	-1
5	2	1	2	-1	-1
5	2	3	0	-1	-1
5	2	6	26	-1	-1
5	2	7	9	-1	-1
5	2	8	31	-1	-1
5	2	12	11	-1	-1
5	2	14	10	-1	-1
5	2	15	5	-1	-1
5	2	16	18	-1	-1
5	2	19	13	-1	-1
5	2	21	20	-1	-1
5	2	23	22	-1	-1
5	2	24	4	-1	-1
5	2	25	17	-1	-1
5	2	28	29	-1	-1
5	2	30	27	-1	-1
5	3	0	14	-1	-1
5	3	2	15	-1	-1
5	3	4	6	-1	-1
5	3	8	10	-1	-1
5	3	11	28	-1	-1
5	3	13	12	-1	-1
5	3	17	19	-1	-1
5	3	18	3	-1	-1
5	3	20	7	-1	-1
5	3	21	1	-1	-1
5	3	22	24	-1	-1
5	3	23	16	-1	-1
5	3	26	30	-1	-1
5	3	27	5	-1	-1
5	3	29	25	-1	-1
5	3	31	9	-1	-1
5	4	4	0	-1	-1
5	4	5	8	-1	-1
5	4	6	2	-1	-1
5	4	7	3	-1	-1
5	4	9	30	-1	-1
5	4	10	29	-1	-1
5	4	11	15	-1	-1
5	4	12	17	-1	-1
5	4	14	13	-1	-1
5	4	16	21	-1	-1
5	4	18	23	-1	-1
5	4	20	19	-1	-1
5	4	22	1	-1	-1
5	4	26	25	-1	-1
5	4	27	24	-1	-1
5	4	28	31	-1	-1
5	5	0	22	-1	-1
5	5	1	7	-1	-1
5	5	2	23	-1	-1
5	5	3	12	-1	-1
5	5	4	11	-1	-1
5	5	6	5	-1	-1
5	5	9	13	-1	-1
5	5	15	10	-1	-1
5	5	16	19	-1	-1
5	5	17	20	-1	-1
5	5	21	18	-1	-1
5	5	24	26	-1	-1
5	5	25	27	-1	-1
5	5	28	30	-1	-1
5	5	29	8	-1	-1
5	5	31	14	-1	-1
5	6	0	5	-1	-1
5	6	3	6	-1	-1
5	6	7	4	-1	-1
5	6	8	28	-1	-1
5	6	12	18	-1	-1
5	6	13	11	-1	-1
5	6	14	15	-1	-1
5	6	19	1	-1	-1
5	6	22	17	-1	-1
5	6	24	16	-1	-1
5	6	26	10	-1	-1
5	6	27	9	-1	-1
5	6	29	31	-1	-1
5	6	30	20	-1	-1
5	7	2	1	-1	-1
5	7	4	25	-1	-1
5	7	7	27	-1	-1
5	7	8	11	-1	-1
5	7	12	6	-1	-1
5	7	15	9	-1	-1
5	7	17	14	-1	-1
5	7	18	29	-1	-1
5	7	20	16	-1	-1
5	7	21	26	-1	-1
5	7	23	0	-1	-1
5	7	28	24	-1	-1
5	7	31	22	-1	-1
5	8	0	3	-1	-1
5	8	1	13	-1	-1
5	8	5	26	-1	-1
5	8	6	4	-1	-1
5	8	8	2	-1	-1
5	8	10	9	-1	-1
5	8	16	12	-1	-1
5	8	17	28	-1	-1
5	8	18	15	-1	-1
5	8	19	30	-1	-1
5	8	20	23	-1	-1
5	8	22	21	-1	-1
5	8	24	7	-1	-1
5	8	25	31	-1	-1
5	8	29	27	-1	-1
5	9	1	20	-1	-1
5	9	2	4	-1	-1
5	9	3	5	-1	-1
5	9	6	24	-1	-1
5	9	7	0	-1	-1
5	9	9	8	-1	-1
5	9	13	17	-1	-1
5	9	14	16	-1	-1
5	9	15	19	-1	-1
5	9	23	21	-1	-1
5	9	27	25	-1	-1
5	9	29	12	-1	-1
5	9	30	11	-1	-1
5	9	31	10	-1	-1
5	10	3	2	-1	-1
5	10	5	4	-1	-1
5	10	9	1	-1	-1
5	10	11	0	-1	-1
5	10	12	14	-1	-1
5	10	17	15	-1	-1
5	10	20	27	-1	-1
5	10	21	6	-1	-1
5	10	22	18	-1	-1
5	10	23	19	-1	-1
5	10	24	25	-1	-1
5	10	26	29	-1	-1
5	10	28	10	-1	-1
5	10	30	13	-1	-1
5	11	0	2	-1	-1
5	11	1	23	-1	-1
5	11	4	3	-1	-1
5	11	7	6	-1	-1
5	11	8	14	-1	-1
5	11	10	13	-1	-1
5	11	11	31	-1	-1
5	11	16	22	-1	-1
5	11	18	20	-1	-1
5	11	19	12	-1	-1
5	11	21	17	-1	-1
5	11	25	5	-1	-1
5	11	27	26	-1	-1
5	11	28	9	-1	-1
5	11	29	30	-1	-1
5	12	2	7	-1	-1
5	12	3	21	-1	-1
5	12	6	1	-1	-1
5	12	9	11	-1	-1
5	12	10	8	-1	-1
5	12	13	15	-1	-1
5	12	14	19	-1	-1
5	12	17	16	-1	-1
5	12	20	0	-1	-1
5	12	22	4	-1	-1
5	12	23	5	-1	-1
5	12	24	29	-1	-1
5	12	26	18	-1	-1
5	12	30	25	-1	-1
5	12	31	28	-1	-1
5	13	1	3	-1	-1
5	13	4	7	-1	-1
5	13	5	24	-1	-1
5	13	11	10	-1	-1
5	13	13	8	-1	-1
5	13	15	12	-1	-1
5	13	16	0	-1	-1
5	13	17	2	-1	-1
5	13	18	14	-1	-1
5	13	19	21	-1	-1
5	13	22	23	-1	-1
5	13	25	26	-1	-1
5	13	27	31	-1	-1
5	13	30	28	-1	-1
5	14	3	22	-1	-1
5	14	5	6	-1	-1
5	14	10	30	-1	-1
5	14	11	9	-1	-1
5	14	14	12	-1	-1
5	14	16	13	-1	-1
5	14	19	18	-1	-1
5	14	21	2	-1	-1
5	14	23	20	-1	-1
5	14	24	27	-1	-1
5	14	25	8	-1	-1
5	14	26	7	-1	-1
5	14	28	15	-1	-1
5	14	31	29	-1	-1
5	15	1	4	-1	-1
5	15	2	0	-1	-1
5	15	6	10	-1	-1
5	15	7	5	-1	-1
5	15	8	15	-1	-1
5	15	12	13	-1	-1
5	15	14	9	-1	-1
5	15	18	17	-1	-1
5	15	19	16	-1	-1
5	15	20	3	-1	-1
5	15	21	22	-1	-1
5	15	23	25	-1	-1
5	15	26	24	-1	-1
5	15	27	28	-1	-1
5	15	29	11	-1	-1
5	15	30	31	-1	-1
5	16	0	21	-1	-1
5	16	3	1	-1	-1
5	16	4	27	-1	-1
5	16	5	2	-1	-1
5	16	9	29	-1	-1
5	16	10	12	-1	-1
5	16	11	8	-1	-1
5	16	13	7	-1	-1
5	16	15	14	-1	-1
5	16	16	17	-1	-1
5	16	18	19	-1	-1
5	16	22	20	-1	-1
5	16	24	30	-1	-1
5	16	25	6	-1	-1
5	16	28	23	-1	-1
5	16	31	26	-1	-1
5	17	0	6	-1	-1
5	17	5	1	-1	-1
5	17	7	25	-1	-1
5	17	9	10	-1	-1
5	17	12	8	-1	-1
5	17	14	4	-1	-1
5	17	15	13	-1	-1
5	17	16	31	-1	-1
5	17	17	18	-1	-1
5	17	20	21	-1	-1
5	17	22	2	-1	-1
5	17	23	3	-1	-1
5	17	24	11	-1	-1
5	17	27	19	-1	-1
5	17	28	26	-1	-1
5	17	30	29	-1	-1
5	18	1	0	-1	-1
5	18	2	3	-1	-1
5	18	4	5	-1	-1
5	18	6	7	-1	-1
5	18	8	9	-1	-1
5	18	10	11	-1	-1
5	18	12	15	-1	-1
5	18	13	14	-1	-1
5	18	18	16	-1	-1
5	18	19	17	-1	-1
5	18	20	22	-1	-1
5	18	21	23	-1	-1
5	18	25	24	-1	-1
5	18	26	27	-1	-1
5	18	29	28	-1	-1
5	18	31	30	-1	-1
6	1	0	7	-1	-1
6	1	2	1	-1	-1
6	1	5	19	-1	-1
6	1	9	6	-1	-1
6	1	11	4	-1	-1
6	1	12	14	-1	-1
6	1	13	23	-1	-1
6	1	15	20	-1	-1
6	1	17	22	-1	-1
6	1	21	16	-1	-1
6	1	25	8	-1	-1
6	1	27	10	-1	-1
6	1	28	26	-1	-1
6	1	29	3	-1	-1
6	1	30	18	-1	-1
6	1	31	24	-1	-1
6	2	1	0	-1	-1
6	2	3	2	-1	-1
6	2	4	9	-1	-1
6	2	6	12	-1	-1
6	2	7	11	-1	-1
6	2	10	24	-1	-1
6	2	13	21	-1	-1
6	2	14	8	-1	-1
6	2	16	5	-1	-1
6	2	18	17	-1	-1
6	2	20	19	-1	-1
6	2	23	15	-1	-1
6	2	26	22	-1	-1
6	2	27	25	-1	-1
6	2	29	30	-1	-1
6	2	31	28	-1	-1
6	3	0	27	-1	-1
6	3	2	30	-1	-1
6	3	6	16	-1	-1
6	3	7	5	-1	-1
6	3	8	3	-1	-1
6	3	9	10	-1	-1
6	3	11	1	-1	-1
6	3	12	29	-1	-1
6	3	14	20	-1	-1
6	3	15	13	-1	-1
6	3	17	4	-1	-1
6	3	19	23	-1	-1
6	3	21	31	-1	-1
6	3	22	18	-1	-1
6	3	24	26	-1	-1
6	3	25	28	-1	-1
6	4	0	12	-1	-1
6	4	1	13	-1	-1
6	4	2	31	-1	-1
6	4	3	15	-1	-1
6	4	5	14	-1	-1
6	4	8	4	-1	-1
6	4	10	11	-1	-1
6	4	16	17	-1	-1
6	4	18	7	-1	-1
6	4	19	6	-1	-1
6	4	21	20	-1	-1
6	4	22	23	-1	-1
6	4	24	29	-1	-1
6	4	26	9	-1	-1
6	4	28	27	-1	-1
6	4	30	25	-1	-1
6	5	4	13	-1	-1
6	5	5	18	-1	-1
6	5	7	8	-1	-1
6	5	9	0	-1	-1
6	5	10	6	-1	-1
6	5	11	16	-1	-1
6	5	12	2	-1	-1
6	5	14	15	-1	-1
6	5	19	17	-1	-1
6	5	20	22	-1	-1
6	5	23	21	-1	-1
6	5	24	25	-1	-1
6	5	27	30	-1	-1
6	5	28	3	-1	-1
6	5	29	26	-1	-1
6	5	31	1	-1	-1
6	6	2	24	-1	-1
6	6	4	10	-1	-1
6	6	6	20	-1	-1
6	6	7	23	-1	-1
6	6	8	11	-1	-1
6	6	13	12	-1	-1
6	6	14	1	-1	-1
6	6	15	0	-1	-1
6	6	16	18	-1	-1
6	6	17	5	-1	-1
6	6	25	21	-1	-1
6	6	26	31	-1	-1
6	6	27	9	-1	-1
6	6	29	19	-1	-1
6	7	1	28	-1	-1
6	7	2	3	-1	-1
6	7	4	5	-1	-1
6	7	6	8	-1	-1
6	7	11	26	-1	-1
6	7	15	9	-1	-1
6	7	18	27	-1	-1
6	7	20	12	-1	-1
6	7	21	17	-1	-1
6	7	22	13	-1	-1
6	7	23	30	-1	-1
6	7	25	29	-1	-1
6	7	31	16	-1	-1
6	8	0	1	-1	-1
6	8	3	5	-1	-1
6	8	6	7	-1	-1
6	8	8	27	-1	-1
6	8	9	25	-1	-1
6	8	10	2	-1	-1
6	8	12	21	-1	-1
6	8	13	15	-1	-1
6	8	16	22	-1	-1
6	8	17	26	-1	-1
6	8	19	24	-1	-1
6	8	20	18	-1	-1
6	8	23	14	-1	-1
6	8	28	29	-1	-1
6	8	30	31	-1	-1
6	9	1	12	-1	-1
6	9	4	19	-1	-1
6	9	5	6	-1	-1
6	9	7	16	-1	-1
6	9	9	18	-1	-1
6	9	13	3	-1	-1
6	9	14	0	-1	-1
6	9	21	15	-1	-1
6	9	22	20	-1	-1
6	9	24	8	-1	-1
6	9	25	11	-1	-1
6	9	26	10	-1	-1
6	9	29	2	-1	-1
6	9	30	28	-1	-1
6	10	1	4	-1	-1
6	10	2	6	-1	-1
6	10	3	0	-1	-1
6	10	7	17	-1	-1
6	10	8	26	-1	-1
6	10	10	19	-1	-1
6	10	11	9	-1	-1
6	10	13	14	-1	-1
6	10	15	30	-1	-1
6	10	18	23	-1	-1
6	10	20	29	-1	-1
6	10	22	21	-1	-1
6	10	24	28	-1	-1
6	10	27	31	-1	-1
6	11	0	13	-1	-1
6	11	3	1	-1	-1
6	11	6	17	-1	-1
6	11	9	24	-1	-1
6	11	10	7	-1	-1
6	11	11	5	-1	-1
6	11	14	22	-1	-1
6	11	15	12	-1	-1
6	11	16	4	-1	-1
6	11	19	18	-1	-1
6	11	23	20	-1	-1
6	11	26	30	-1	-1
6	11	28	2	-1	-1
6	11	29	27	-1	-1
6	11	31	25	-1	-1
6	12	1	29	-1	-1
6	12	2	15	-1	-1
6	12	4	6	-1	-1
6	12	5	7	-1	-1
6	12	8	10	-1	-1
6	12	12	3	-1	-1
6	12	13	31	-1	-1
6	12	14	28	-1	-1
6	12	17	16	-1	-1
6	12	18	21	-1	-1
6	12	22	19	-1	-1
6	12	24	11	-1	-1
6	12	25	26	-1	-1
6	12	27	23	-1	-1
6	12	30	0	-1	-1
6	13	0	2	-1	-1
6	13	1	25	-1	-1
6	13	3	26	-1	-1
6	13	5	10	-1	-1
6	13	7	4	-1	-1
6	13	9	8	-1	-1
6	13	11	27	-1	-1
6	13	12	13	-1	-1
6	13	16	20	-1	-1
6	13	17	19	-1	-1
6	13	21	14	-1	-1
6	13	23	22	-1	-1
6	13	28	31	-1	-1
6	13	30	24	-1	-1
6	14	3	30	-1	-1
6	14	5	22	-1	-1
6	14	6	4	-1	-1
6	14	8	17	-1	-1
6	14	9	11	-1	-1
6	14	10	25	-1	-1
6	14	12	23	-1	-1
6	14	15	14	-1	-1
6	14	18	16	-1	-1
6	14	19	7	-1	-1
6	14	20	21	-1	-1
6	14	27	24	-1	-1
6	14	29	28	-1	-1
6	14	31	0	-1	-1
6	15	0	29	-1	-1
6	15	1	3	-1	-1
6	15	4	18	-1	-1
6	15	6	11	-1	-1
6	15	7	15	-1	-1
6	15	8	5	-1	-1
6	15	10	9	-1	-1
6	15	13	2	-1	-1
6	15	14	12	-1	-1
6	15	16	19	-1	-1
6	15	17	20	-1	-1
6	15	21	23	-1	-1
6	15	22	28	-1	-1
6	15	25	24	-1	-1
6	15	26	27	-1	-1
6	15	31	30	-1	-1
6	16	2	0	-1	-1
6	16	3	14	-1	-1
6	16	5	4	-1	-1
6	16	9	7	-1	-1
6	16	11	8	-1	-1
6	16	12	10	-1	-1
6	16	15	22	-1	-1
6	16	18	6	-1	-1
6	16	19	21	-1	-1
6	16	20	13	-1	-1
6	16	23	16	-1	-1
6	16	24	27	-1	-1
6	16	26	25	-1	-1
6	16	28	17	-1	-1
6	16	29	31	-1	-1
6	16	30	1	-1	-1
6	17	0	28	-1	-1
6	17	2	14	-1	-1
6	17	3	31	-1	-1
6	17	4	21	-1	-1
6	17	5	9	-1	-1
6	17	7	6	-1	-1
6	17	10	8	-1	-1
6	17	13	11	-1	-1
6	17	15	1	-1	-1
6	17	16	25	-1	-1
6	17	18	19	-1	-1
6	17	22	12	-1	-1
6	17	23	17	-1	-1
6	17	24	20	-1	-1
6	17	27	26	-1	-1
6	17	30	29	-1	-1
6	18	0	3	-1	-1
6	18	1	2	-1	-1
6	18	4	7	-1	-1
6	18	6	5	-1	-1
6	18	8	9	-1	-1
6	18	11	10	-1	-1
6	18	12	15	-1	-1
6	18	14	13	-1	-1
6	18	17	18	-1	-1
6	18	19	16	-1	-1
6	18	20	23	-1	-1
6	18	21	22	-1	-1
6	18	25	27	-1	-1
6	18	26	24	-1	-1
6	18	28	30	-1	-1
6	18	31	29	-1	-1
7	1	0	18	-1	-1
7	1	2	3	-1	-1
7	1	5	30	-1	-1
7	1	7	28	-1	-1
7	1	8	1	-1	-1
7	1	9	4	-1	-1
7	1	11	6	-1	-1
7	1	15	13	-1	-1
7	1	20	10	-1	-1
7	1	21	26	-1	-1
7	1	23	19	-1	-1
7	1	24	14	-1	-1
7	1	25	12	-1	-1
7	1	27	22	-1	-1
7	1	29	16	-1	-1
7	1	31	17	-1	-1
7	2	1	2	-1	-1
7	2	3	0	-1	-1
7	2	4	8	-1	-1
7	2	5	15	-1	-1
7	2	6	9	-1	-1
7	2	10	21	-1	-1
7	2	12	24	-1	-1
7	2	13	11	-1	-1
7	2	17	16	-1	-1
7	2	19	18	-1	-1
7	2	20	25	-1	-1
7	2	22	23	-1	-1
7	2	26	14	-1	-1
7	2	27	31	-1	-1
7	2	29	7	-1	-1
7	2	30	28	-1	-1
7	3	0	5	-1	-1
7	3	2	4	-1	-1
7	3	7	6	-1	-1
7	3	9	22	-1	-1
7	3	10	8	-1	-1
7	3	14	12	-1	-1
7	3	16	26	-1	-1
7	3	17	30	-1	-1
7	3	18	13	-1	-1
7	3	19	3	-1	-1
7	3	21	11	-1	-1
7	3	23	27	-1	-1
7	3	24	20	-1	-1
7	3	25	15	-1	-1
7	3	28	1	-1	-1
7	3	31	29	-1	-1
7	4	4	7	-1	-1
7	4	6	31	-1	-1
7	4	8	23	-1	-1
7	4	9	5	-1	-1
7	4	11	20	-1	-1
7	4	12	0	-1	-1
7	4	13	1	-1	-1
7	4	14	2	-1	-1
7	4	15	10	-1	-1
7	4	16	3	-1	-1
7	4	18	29	-1	-1
7	4	22	21	-1	-1
7	4	24	27	-1	-1
7	4	25	26	-1	-1
7	4	28	17	-1	-1
7	4	30	19	-1	-1
7	5	0	17	-1	-1
7	5	1	6	-1	-1
7	5	2	16	-1	-1
7	5	3	13	-1	-1
7	5	5	8	-1	-1
7	5	11	7	-1	-1
7	5	12	15	-1	-1
7	5	14	9	-1	-1
7	5	19	28	-1	-1
7	5	21	4	-1	-1
7	5	22	20	-1	-1
7	5	23	10	-1	-1
7	5	26	24	-1	-1
7	5	27	25	-1	-1
7	5	30	29	-1	-1
7	5	31	18	-1	-1
7	6	1	12	-1	-1
7	6	2	15	-1	-1
7	6	4	5	-1	-1
7	6	6	28	-1	-1
7	6	7	9	-1	-1
7	6	10	22	-1	-1
7	6	13	14	-1	-1
7	6	16	31	-1	-1
7	6	20	18	-1	-1
7	6	23	21	-1	-1
7	6	24	8	-1	-1
7	6	25	11	-1	-1
7	6	26	30	-1	-1
7	6	29	3	-1	-1
7	7	0	3	-1	-1
7	7	5	11	-1	-1
7	7	6	12	-1	-1
7	7	10	9	-1	-1
7	7	13	25	-1	-1
7	7	14	27	-1	-1
7	7	17	2	-1	-1
7	7	18	30	-1	-1
7	7	19	24	-1	-1
7	7	21	16	-1	-1
7	7	22	26	-1	-1
7	7	28	23	-1	-1
7	7	31	4	-1	-1
7	8	2	1	-1	-1
7	8	3	7	-1	-1
7	8	8	11	-1	-1
7	8	10	0	-1	-1
7	8	12	14	-1	-1
7	8	15	24	-1	-1
7	8	16	19	-1	-1
7	8	18	17	-1	-1
7	8	23	25	-1	-1
7	8	26	13	-1	-1
7	8	27	21	-1	-1
7	8	28	5	-1	-1
7	8	29	20	-1	-1
7	8	30	6	-1	-1
7	8	31	22	-1	-1
7	9	0	14	-1	-1
7	9	1	15	-1	-1
7	9	3	18	-1	-1
7	9	4	30	-1	-1
7	9	5	29	-1	-1
7	9	7	31	-1	-1
7	9	11	10	-1	-1
7	9	12	26	-1	-1
7	9	13	2	-1	-1
7	9	17	19	-1	-1
7	9	20	9	-1	-1
7	9	21	8	-1	-1
7	9	23	6	-1	-1
7	9	25	27	-1	-1
7	10	1	0	-1	-1
7	10	6	4	-1	-1
7	10	9	2	-1	-1
7	10	11	3	-1	-1
7	10	15	14	-1	-1
7	10	16	28	-1	-1
7	10	17	29	-1	-1
7	10	18	25	-1	-1
7	10	19	12	-1	-1
7	10	20	7	-1	-1
7	10	22	8	-1	-1
7	10	24	23	-1	-1
7	10	26	27	-1	-1
7	10	31	5	-1	-1
7	11	2	0	-1	-1
7	11	3	17	-1	-1
7	11	8	7	-1	-1
7	11	9	21	-1	-1
7	11	10	4	-1	-1
7	11	13	12	-1	-1
7	11	14	1	-1	-1
7	11	19	31	-1	-1
7	11	22	11	-1	-1
7	11	23	20	-1	-1
7	11	25	24	-1	-1
7	11	27	15	-1	-1
7	11	28	18	-1	-1
7	11	29	6	-1	-1
7	11	30	16	-1	-1
7	12	0	13	-1	-1
7	12	1	19	-1	-1
7	12	4	29	-1	-1
7	12	7	5	-1	-1
7	12	8	10	-1	-1
7	12	11	9	-1	-1
7	12	12	3	-1	-1
7	12	16	14	-1	-1
7	12	17	15	-1	-1
7	12	18	2	-1	-1
7	12	20	27	-1	-1
7	12	21	22	-1	-1
7	12	24	28	-1	-1
7	12	26	23	-1	-1
7	12	31	30	-1	-1
7	13	3	1	-1	-1
7	13	5	6	-1	-1
7	13	7	10	-1	-1
7	13	9	8	-1	-1
7	13	14	13	-1	-1
7	13	15	26	-1	-1
7	13	16	17	-1	-1
7	13	20	22	-1	-1
7	13	25	21	-1	-1
7	13	27	24	-1	-1
7	13	28	4	-1	-1
7	13	29	19	-1	-1
7	13	30	2	-1	-1
7	13	31	0	-1	-1
7	14	1	16	-1	-1
7	14	4	6	-1	-1
7	14	8	20	-1	-1
7	14	9	11	-1	-1
7	14	15	12	-1	-1
7	14	17	18	-1	-1
7	14	19	0	-1	-1
7	14	21	23	-1	-1
7	14	22	5	-1	-1
7	14	24	13	-1	-1
7	14	26	25	-1	-1
7	14	27	10	-1	-1
7	14	29	28	-1	-1
7	14	30	7	-1	-1
7	15	0	2	-1	-1
7	15	3	14	-1	-1
7	15	4	11	-1	-1
7	15	6	7	-1	-1
7	15	10	5	-1	-1
7	15	12	8	-1	-1
7	15	13	15	-1	-1
7	15	17	27	-1	-1
7	15	18	1	-1	-1
7	15	19	16	-1	-1
7	15	20	21	-1	-1
7	15	23	9	-1	-1
7	15	24	26	-1	-1
7	15	25	22	-1	-1
7	15	28	31	-1	-1
7	15	29	30	-1	-1
7	16	1	3	-1	-1
7	16	2	19	-1	-1
7	16	5	4	-1	-1
7	16	7	13	-1	-1
7	16	8	6	-1	-1
7	16	9	10	-1	-1
7	16	11	23	-1	-1
7	16	14	25	-1	-1
7	16	15	0	-1	-1
7	16	16	18	-1	-1
7	16	21	24	-1	-1
7	16	22	17	-1	-1
7	16	26	20	-1	-1
7	16	27	12	-1	-1
7	16	28	29	-1	-1
7	16	30	31	-1	-1
7	17	2	12	-1	-1
7	17	4	14	-1	-1
7	17	5	7	-1	-1
7	17	6	10	-1	-1
7	17	11	8	-1	-1
7	17	13	27	-1	-1
7	17	15	3	-1	-1
7	17	16	0	-1	-1
7	17	17	1	-1	-1
7	17	18	19	-1	-1
7	17	20	23	-1	-1
7	17	22	24	-1	-1
7	17	25	29	-1	-1
7	17	26	9	-1	-1
7	17	30	21	-1	-1
7	17	31	28	-1	-1
7	18	0	1	-1	-1
7	18	3	2	-1	-1
7	18	6	5	-1	-1
7	18	7	4	-1	-1
7	18	8	9	-1	-1
7	18	10	11	-1	-1
7	18	12	13	-1	-1
7	18	14	15	-1	-1
7	18	18	16	-1	-1
7	18	19	17	-1	-1
7	18	21	20	-1	-1
7	18	23	22	-1	-1
7	18	24	25	-1	-1
7	18	27	26	-1	-1
7	18	28	30	-1	-1
7	18	29	31	-1	-1
8	1	0	3	-1	-1
8	1	2	9	-1	-1
8	1	5	30	-1	-1
8	1	6	4	-1	-1
8	1	7	29	-1	-1
8	1	11	25	-1	-1
8	1	13	10	-1	-1
8	1	15	8	-1	-1
8	1	16	24	-1	-1
8	1	17	22	-1	-1
8	1	18	20	-1	-1
8	1	19	1	-1	-1
8	1	21	12	-1	-1
8	1	23	14	-1	-1
8	1	27	28	-1	-1
8	1	31	26	-1	-1
8	2	1	0	-1	-1
8	2	3	2	-1	-1
8	2	4	14	-1	-1
8	2	7	31	-1	-1
8	2	8	6	-1	-1
8	2	9	13	-1	-1
8	2	10	15	-1	-1
8	2	12	22	-1	-1
8	2	17	18	-1	-1
8	2	19	16	-1	-1
8	2	20	28	-1	-1
8	2	21	23	-1	-1
8	2	24	27	-1	-1
8	2	26	11	-1	-1
8	2	29	5	-1	-1
8	2	30	25	-1	-1
8	3	0	16	-1	-1
8	3	2	21	-1	-1
8	3	4	30	-1	-1
8	3	5	7	-1	-1
8	3	6	19	-1	-1
8	3	8	26	-1	-1
8	3	9	11	-1	-1
8	3	13	3	-1	-1
8	3	14	1	-1	-1
8	3	15	12	-1	-1
8	3	22	20	-1	-1
8	3	23	18	-1	-1
8	3	25	29	-1	-1
8	3	27	10	-1	-1
8	3	28	24	-1	-1
8	3	31	17	-1	-1
8	4	0	17	-1	-1
8	4	1	5	-1	-1
8	4	2	6	-1	-1
8	4	3	7	-1	-1
8	4	11	4	-1	-1
8	4	12	13	-1	-1
8	4	14	10	-1	-1
8	4	16	23	-1	-1
8	4	18	21	-1	-1
8	4	20	15	-1	-1
8	4	22	19	-1	-1
8	4	24	9	-1	-1
8	4	25	8	-1	-1
8	4	26	27	-1	-1
8	4	28	29	-1	-1
8	4	31	30	-1	-1
8	5	4	5	-1	-1
8	5	6	0	-1	-1
8	5	9	14	-1	-1
8	5	10	7	-1	-1
8	5	11	24	-1	-1
8	5	12	8	-1	-1
8	5	13	26	-1	-1
8	5	15	2	-1	-1
8	5	17	3	-1	-1
8	5	18	1	-1	-1
8	5	19	20	-1	-1
8	5	21	16	-1	-1
8	5	22	23	-1	-1
8	5	25	27	-1	-1
8	5	29	31	-1	-1
8	5	30	28	-1	-1
8	6	0	22	-1	-1
8	6	4	3	-1	-1
8	6	5	2	-1	-1
8	6	7	6	-1	-1
8	6	8	30	-1	-1
8	6	9	29	-1	-1
8	6	10	12	-1	-1
8	6	14	13	-1	-1
8	6	19	25	-1	-1
8	6	20	17	-1	-1
8	6	21	15	-1	-1
8	6	23	31	-1	-1
8	6	26	24	-1	-1
8	6	27	11	-1	-1
8	7	0	1	-1	-1
8	7	3	18	-1	-1
8	7	5	15	-1	-1
8	7	8	14	-1	-1
8	7	10	11	-1	-1
8	7	13	20	-1	-1
8	7	17	26	-1	-1
8	7	23	19	-1	-1
8	7	24	21	-1	-1
8	7	28	7	-1	-1
8	7	29	16	-1	-1
8	7	30	6	-1	-1
8	7	31	27	-1	-1
8	8	1	11	-1	-1
8	8	2	3	-1	-1
8	8	6	31	-1	-1
8	8	7	5	-1	-1
8	8	8	9	-1	-1
8	8	12	0	-1	-1
8	8	14	21	-1	-1
8	8	15	23	-1	-1
8	8	16	17	-1	-1
8	8	18	19	-1	-1
8	8	25	22	-1	-1
8	8	26	28	-1	-1
8	8	27	20	-1	-1
8	8	29	4	-1	-1
8	8	30	24	-1	-1
8	9	3	6	-1	-1
8	9	4	2	-1	-1
8	9	7	1	-1	-1
8	9	9	26	-1	-1
8	9	10	25	-1	-1
8	9	11	8	-1	-1
8	9	15	24	-1	-1
8	9	16	18	-1	-1
8	9	19	0	-1	-1
8	9	20	12	-1	-1
8	9	22	14	-1	-1
8	9	23	13	-1	-1
8	9	28	30	-1	-1
8	9	31	5	-1	-1
8	10	0	8	-1	-1
8	10	1	2	-1	-1
8	10	3	10	-1	-1
8	10	5	16	-1	-1
8	10	7	4	-1	-1
8	10	9	27	-1	-1
8	10	12	25	-1	-1
8	10	13	15	-1	-1
8	10	14	20	-1	-1
8	10	21	17	-1	-1
8	10	22	18	-1	-1
8	10	24	29	-1	-1
8	10	28	31	-1	-1
8	10	30	19	-1	-1
8	11	1	3	-1	-1
8	11	2	7	-1	-1
8	11	4	28	-1	-1
8	11	5	6	-1	-1
8	11	8	27	-1	-1
8	11	12	9	-1	-1
8	11	13	11	-1	-1
8	11	15	22	-1	-1
8	11	17	23	-1	-1
8	11	18	0	-1	-1
8	11	19	21	-1	-1
8	11	20	16	-1	-1
8	11	25	24	-1	-1
8	11	26	10	-1	-1
8	11	29	30	-1	-1
8	12	0	5	-1	-1
8	12	3	19	-1	-1
8	12	4	18	-1	-1
8	12	6	1	-1	-1
8	12	7	17	-1	-1
8	12	10	8	-1	-1
8	12	11	9	-1	-1
8	12	14	12	-1	-1
8	12	16	2	-1	-1
8	12	21	29	-1	-1
8	12	22	13	-1	-1
8	12	23	20	-1	-1
8	12	24	31	-1	-1
8	12	27	26	-1	-1
8	12	28	25	-1	-1
8	13	1	20	-1	-1
8	13	2	0	-1	-1
8	13	3	23	-1	-1
8	13	6	7	-1	-1
8	13	9	10	-1	-1
8	13	11	12	-1	-1
8	13	13	21	-1	-1
8	13	15	14	-1	-1
8	13	16	22	-1	-1
8	13	18	17	-1	-1
8	13	26	30	-1	-1
8	13	27	25	-1	-1
8	13	29	28	-1	-1
8	13	31	4	-1	-1
8	14	1	16	-1	-1
8	14	5	4	-1	-1
8	14	6	29	-1	-1
8	14	8	10	-1	-1
8	14	11	28	-1	-1
8	14	12	23	-1	-1
8	14	14	27	-1	-1
8	14	15	13	-1	-1
8	14	17	2	-1	-1
8	14	19	18	-1	-1
8	14	21	22	-1	-1
8	14	24	26	-1	-1
8	14	25	9	-1	-1
8	14	30	31	-1	-1
8	15	2	19	-1	-1
8	15	3	1	-1	-1
8	15	4	6	-1	-1
8	15	7	0	-1	-1
8	15	8	13	-1	-1
8	15	9	5	-1	-1
8	15	10	24	-1	-1
8	15	12	15	-1	-1
8	15	14	11	-1	-1
8	15	17	16	-1	-1
8	15	20	21	-1	-1
8	15	23	22	-1	-1
8	15	26	25	-1	-1
8	15	27	30	-1	-1
8	15	28	18	-1	-1
8	15	31	29	-1	-1
8	16	0	2	-1	-1
8	16	1	4	-1	-1
8	16	5	28	-1	-1
8	16	6	12	-1	-1
8	16	11	10	-1	-1
8	16	13	14	-1	-1
8	16	15	9	-1	-1
8	16	16	3	-1	-1
8	16	18	27	-1	-1
8	16	19	17	-1	-1
8	16	20	23	-1	-1
8	16	22	21	-1	-1
8	16	24	8	-1	-1
8	16	25	31	-1	-1
8	16	29	26	-1	-1
8	16	30	7	-1	-1
8	17	0	4	-1	-1
8	17	1	17	-1	-1
8	17	2	18	-1	-1
8	17	5	3	-1	-1
8	17	7	13	-1	-1
8	17	9	8	-1	-1
8	17	10	31	-1	-1
8	17	11	15	-1	-1
8	17	12	14	-1	-1
8	17	16	19	-1	-1
8	17	21	20	-1	-1
8	17	22	30	-1	-1
8	17	24	25	-1	-1
8	17	26	23	-1	-1
8	17	28	6	-1	-1
8	17	29	27	-1	-1
8	18	2	1	-1	-1
8	18	3	0	-1	-1
8	18	4	7	-1	-1
8	18	6	5	-1	-1
8	18	8	11	-1	-1
8	18	10	9	-1	-1
8	18	13	12	-1	-1
8	18	14	15	-1	-1
8	18	17	19	-1	-1
8	18	18	16	-1	-1
8	18	20	22	-1	-1
8	18	23	21	-1	-1
8	18	25	26	-1	-1
8	18	27	24	-1	-1
8	18	30	29	-1	-1
8	18	31	28	-1	-1
9	1	1	23	-1	-1
9	1	3	0	-1	-1
9	1	4	11	-1	-1
9	1	5	2	-1	-1
9	1	6	9	-1	-1
9	1	8	17	-1	-1
9	1	10	19	-1	-1
9	1	12	14	-1	-1
9	1	16	22	-1	-1
9	1	18	21	-1	-1
9	1	24	20	-1	-1
9	1	25	7	-1	-1
9	1	26	31	-1	-1
9	1	28	27	-1	-1
9	1	29	15	-1	-1
9	1	30	13	-1	-1
9	2	0	1	-1	-1
9	2	2	3	-1	-1
9	2	7	26	-1	-1
9	2	9	5	-1	-1
9	2	10	12	-1	-1
9	2	11	6	-1	-1
9	2	13	29	-1	-1
9	2	14	4	-1	-1
9	2	18	8	-1	-1
9	2	19	17	-1	-1
9	2	20	23	-1	-1
9	2	22	21	-1	-1
9	2	25	30	-1	-1
9	2	27	24	-1	-1
9	2	28	16	-1	-1
9	2	31	15	-1	-1
9	3	1	10	-1	-1
9	3	3	9	-1	-1
9	3	6	27	-1	-1
9	3	7	5	-1	-1
9	3	8	11	-1	-1
9	3	15	13	-1	-1
9	3	16	18	-1	-1
9	3	17	2	-1	-1
9	3	20	0	-1	-1
9	3	21	31	-1	-1
9	3	22	19	-1	-1
9	3	23	14	-1	-1
9	3	24	28	-1	-1
9	3	26	4	-1	-1
9	3	29	25	-1	-1
9	3	30	12	-1	-1
9	4	4	25	-1	-1
9	4	5	24	-1	-1
9	4	6	10	-1	-1
9	4	9	8	-1	-1
9	4	11	16	-1	-1
9	4	12	7	-1	-1
9	4	13	1	-1	-1
9	4	14	2	-1	-1
9	4	15	3	-1	-1
9	4	17	22	-1	-1
9	4	19	20	-1	-1
9	4	21	0	-1	-1
9	4	23	18	-1	-1
9	4	27	26	-1	-1
9	4	29	28	-1	-1
9	4	30	31	-1	-1
9	5	0	14	-1	-1
9	5	1	22	-1	-1
9	5	2	11	-1	-1
9	5	3	21	-1	-1
9	5	4	8	-1	-1
9	5	10	5	-1	-1
9	5	13	12	-1	-1
9	5	15	6	-1	-1
9	5	16	23	-1	-1
9	5	19	18	-1	-1
9	5	20	17	-1	-1
9	5	24	7	-1	-1
9	5	26	9	-1	-1
9	5	27	25	-1	-1
9	5	28	30	-1	-1
9	5	31	29	-1	-1
9	6	2	13	-1	-1
9	6	3	12	-1	-1
9	6	7	27	-1	-1
9	6	8	6	-1	-1
9	6	9	10	-1	-1
9	6	11	17	-1	-1
9	6	14	15	-1	-1
9	6	18	0	-1	-1
9	6	21	16	-1	-1
9	6	24	26	-1	-1
9	6	25	23	-1	-1
9	6	29	5	-1	-1
9	6	30	4	-1	-1
9	6	31	19	-1	-1
9	7	1	0	-1	-1
9	7	7	6	-1	-1
9	7	10	4	-1	-1
9	7	11	13	-1	-1
9	7	14	30	-1	-1
9	7	15	28	-1	-1
9	7	16	9	-1	-1
9	7	17	24	-1	-1
9	7	20	29	-1	-1
9	7	22	3	-1	-1
9	7	23	19	-1	-1
9	7	26	21	-1	-1
9	7	27	31	-1	-1
9	8	0	8	-1	-1
9	8	3	2	-1	-1
9	8	5	4	-1	-1
9	8	7	1	-1	-1
9	8	12	29	-1	-1
9	8	13	15	-1	-1
9	8	16	27	-1	-1
9	8	17	10	-1	-1
9	8	18	25	-1	-1
9	8	19	11	-1	-1
9	8	21	20	-1	-1
9	8	23	22	-1	-1
9	8	24	30	-1	-1
9	8	28	26	-1	-1
9	8	31	14	-1	-1
9	9	0	23	-1	-1
9	9	1	15	-1	-1
9	9	2	12	-1	-1
9	9	4	7	-1	-1
9	9	8	16	-1	-1
9	9	9	19	-1	-1
9	9	10	18	-1	-1
9	9	13	31	-1	-1
9	9	14	3	-1	-1
9	9	22	20	-1	-1
9	9	24	11	-1	-1
9	9	25	6	-1	-1
9	9	26	5	-1	-1
9	9	30	28	-1	-1
9	10	2	1	-1	-1
9	10	4	0	-1	-1
9	10	6	3	-1	-1
9	10	11	9	-1	-1
9	10	12	15	-1	-1
9	10	16	10	-1	-1
9	10	20	13	-1	-1
9	10	21	17	-1	-1
9	10	22	18	-1	-1
9	10	23	30	-1	-1
9	10	25	8	-1	-1
9	10	27	5	-1	-1
9	10	29	24	-1	-1
9	10	31	28	-1	-1
9	11	0	22	-1	-1
9	11	3	1	-1	-1
9	11	5	8	-1	-1
9	11	6	26	-1	-1
9	11	7	9	-1	-1
9	11	14	13	-1	-1
9	11	15	2	-1	-1
9	11	17	23	-1	-1
9	11	18	11	-1	-1
9	11	19	21	-1	-1
9	11	20	16	-1	-1
9	11	24	25	-1	-1
9	11	27	4	-1	-1
9	11	28	12	-1	-1
9	11	30	29	-1	-1
9	12	1	14	-1	-1
9	12	2	20	-1	-1
9	12	4	6	-1	-1
9	12	5	7	-1	-1
9	12	8	10	-1	-1
9	12	9	18	-1	-1
9	12	13	0	-1	-1
9	12	16	19	-1	-1
9	12	21	15	-1	-1
9	12	22	12	-1	-1
9	12	23	3	-1	-1
9	12	25	28	-1	-1
9	12	26	27	-1	-1
9	12	29	17	-1	-1
9	12	31	24	-1	-1
9	13	0	2	-1	-1
9	13	6	5	-1	-1
9	13	8	7	-1	-1
9	13	10	11	-1	-1
9	13	12	31	-1	-1
9	13	15	14	-1	-1
9	13	16	1	-1	-1
9	13	17	9	-1	-1
9	13	18	20	-1	-1
9	13	19	3	-1	-1
9	13	21	22	-1	-1
9	13	25	27	-1	-1
9	13	28	29	-1	-1
9	13	30	26	-1	-1
9	14	2	21	-1	-1
9	14	5	25	-1	-1
9	14	6	4	-1	-1
9	14	9	11	-1	-1
9	14	12	13	-1	-1
9	14	18	17	-1	-1
9	14	19	8	-1	-1
9	14	20	1	-1	-1
9	14	22	23	-1	-1
9	14	26	24	-1	-1
9	14	27	10	-1	-1
9	14	28	7	-1	-1
9	14	29	14	-1	-1
9	14	31	30	-1	-1
9	15	0	15	-1	-1
9	15	1	3	-1	-1
9	15	7	10	-1	-1
9	15	9	4	-1	-1
9	15	11	8	-1	-1
9	15	13	5	-1	-1
9	15	14	12	-1	-1
9	15	17	16	-1	-1
9	15	18	19	-1	-1
9	15	20	21	-1	-1
9	15	22	28	-1	-1
9	15	23	2	-1	-1
9	15	24	6	-1	-1
9	15	25	26	-1	-1
9	15	29	31	-1	-1
9	15	30	27	-1	-1
9	16	2	0	-1	-1
9	16	3	20	-1	-1
9	16	4	24	-1	-1
9	16	5	11	-1	-1
9	16	6	7	-1	-1
9	16	8	14	-1	-1
9	16	10	9	-1	-1
9	16	12	1	-1	-1
9	16	15	30	-1	-1
9	16	17	18	-1	-1
9	16	19	16	-1	-1
9	16	21	23	-1	-1
9	16	26	29	-1	-1
9	16	27	22	-1	-1
9	16	28	13	-1	-1
9	16	31	25	-1	-1
9	17	3	13	-1	-1
9	17	4	5	-1	-1
9	17	9	15	-1	-1
9	17	10	8	-1	-1
9	17	11	7	-1	-1
9	17	12	0	-1	-1
9	17	14	28	-1	-1
9	17	16	17	-1	-1
9	17	19	26	-1	-1
9	17	21	1	-1	-1
9	17	22	2	-1	-1
9	17	23	20	-1	-1
9	17	25	24	-1	-1
9	17	27	29	-1	-1
9	17	30	18	-1	-1
9	17	31	6	-1	-1
9	18	0	3	-1	-1
9	18	1	2	-1	-1
9	18	5	6	-1	-1
9	18	7	4	-1	-1
9	18	8	9	-1	-1
9	18	11	10	-1	-1
9	18	13	14	-1	-1
9	18	15	12	-1	-1
9	18	17	19	-1	-1
9	18	18	16	-1	-1
9	18	20	22	-1	-1
9	18	23	21	-1	-1
9	18	24	27	-1	-1
9	18	26	25	-1	-1
9	18	28	31	-1	-1
9	18	29	30	-1	-1
10	1	1	0	-1	-1
10	1	3	10	-1	-1
10	1	4	9	-1	-1
10	1	6	11	-1	-1
10	1	8	18	-1	-1
10	1	12	30	-1	-1
10	1	14	31	-1	-1
10	1	15	13	-1	-1
10	1	16	29	-1	-1
10	1	20	2	-1	-1
10	1	21	17	-1	-1
10	1	22	27	-1	-1
10	1	23	25	-1	-1
10	1	24	7	-1	-1
10	1	26	5	-1	-1
10	1	28	19	-1	-1
10	2	0	3	-1	-1
10	2	2	1	-1	-1
10	2	5	27	-1	-1
10	2	9	15	-1	-1
10	2	10	6	-1	-1
10	2	11	4	-1	-1
10	2	12	28	-1	-1
10	2	13	7	-1	-1
10	2	17	16	-1	-1
10	2	19	8	-1	-1
10	2	20	21	-1	-1
10	2	22	23	-1	-1
10	2	25	29	-1	-1
10	2	26	24	-1	-1
10	2	30	14	-1	-1
10	2	31	18	-1	-1
10	3	1	21	-1	-1
10	3	3	26	-1	-1
10	3	4	5	-1	-1
10	3	6	0	-1	-1
10	3	7	2	-1	-1
10	3	9	19	-1	-1
10	3	10	8	-1	-1
10	3	13	31	-1	-1
10	3	14	12	-1	-1
10	3	15	20	-1	-1
10	3	16	11	-1	-1
10	3	18	30	-1	-1
10	3	24	23	-1	-1
10	3	27	25	-1	-1
10	3	28	22	-1	-1
10	3	29	17	-1	-1
10	4	0	12	-1	-1
10	4	1	22	-1	-1
10	4	2	14	-1	-1
10	4	3	15	-1	-1
10	4	5	6	-1	-1
10	4	7	11	-1	-1
10	4	8	13	-1	-1
10	4	17	10	-1	-1
10	4	18	9	-1	-1
10	4	19	16	-1	-1
10	4	21	24	-1	-1
10	4	23	26	-1	-1
10	4	25	4	-1	-1
10	4	27	20	-1	-1
10	4	28	31	-1	-1
10	4	29	30	-1	-1
10	5	4	3	-1	-1
10	5	5	9	-1	-1
10	5	6	19	-1	-1
10	5	8	17	-1	-1
10	5	10	7	-1	-1
10	5	11	12	-1	-1
10	5	13	14	-1	-1
10	5	15	1	-1	-1
10	5	18	16	-1	-1
10	5	20	25	-1	-1
10	5	22	0	-1	-1
10	5	23	2	-1	-1
10	5	26	21	-1	-1
10	5	27	24	-1	-1
10	5	30	28	-1	-1
10	5	31	29	-1	-1
10	6	1	27	-1	-1
10	6	7	6	-1	-1
10	6	9	31	-1	-1
10	6	10	30	-1	-1
10	6	11	5	-1	-1
10	6	12	15	-1	-1
10	6	13	0	-1	-1
10	6	14	3	-1	-1
10	6	16	8	-1	-1
10	6	19	17	-1	-1
10	6	20	18	-1	-1
10	6	24	28	-1	-1
10	6	25	22	-1	-1
10	6	26	4	-1	-1
10	7	0	23	-1	-1
10	7	1	2	-1	-1
10	7	6	25	-1	-1
10	7	9	7	-1	-1
10	7	11	8	-1	-1
10	7	14	4	-1	-1
10	7	17	26	-1	-1
10	7	22	19	-1	-1
10	7	24	20	-1	-1
10	7	28	16	-1	-1
10	7	29	12	-1	-1
10	7	30	21	-1	-1
10	7	31	15	-1	-1
10	8	2	8	-1	-1
10	8	3	0	-1	-1
10	8	4	24	-1	-1
10	8	5	1	-1	-1
10	8	7	26	-1	-1
10	8	9	10	-1	-1
10	8	12	14	-1	-1
10	8	15	28	-1	-1
10	8	16	25	-1	-1
10	8	18	27	-1	-1
10	8	19	29	-1	-1
10	8	21	22	-1	-1
10	8	23	20	-1	-1
10	8	30	13	-1	-1
10	8	31	17	-1	-1
10	9	0	15	-1	-1
10	9	4	17	-1	-1
10	9	8	9	-1	-1
10	9	10	19	-1	-1
10	9	11	18	-1	-1
10	9	12	2	-1	-1
10	9	13	3	-1	-1
10	9	20	1	-1	-1
10	9	21	23	-1	-1
10	9	24	6	-1	-1
10	9	25	5	-1	-1
10	9	27	7	-1	-1
10	9	28	14	-1	-1
10	9	29	31	-1	-1
10	10	0	11	-1	-1
10	10	1	9	-1	-1
10	10	2	3	-1	-1
10	10	5	18	-1	-1
10	10	6	4	-1	-1
10	10	7	25	-1	-1
10	10	10	16	-1	-1
10	10	12	13	-1	-1
10	10	14	21	-1	-1
10	10	17	30	-1	-1
10	10	26	22	-1	-1
10	10	27	23	-1	-1
10	10	29	28	-1	-1
10	10	31	20	-1	-1
10	11	2	0	-1	-1
10	11	3	12	-1	-1
10	11	4	27	-1	-1
10	11	5	10	-1	-1
10	11	6	8	-1	-1
10	11	9	16	-1	-1
10	11	13	29	-1	-1
10	11	14	15	-1	-1
10	11	18	17	-1	-1
10	11	19	11	-1	-1
10	11	20	26	-1	-1
10	11	22	24	-1	-1
10	11	23	1	-1	-1
10	11	25	21	-1	-1
10	11	30	31	-1	-1
10	12	0	20	-1	-1
10	12	1	14	-1	-1
10	12	7	5	-1	-1
10	12	8	10	-1	-1
10	12	11	9	-1	-1
10	12	12	22	-1	-1
10	12	13	23	-1	-1
10	12	15	2	-1	-1
10	12	16	19	-1	-1
10	12	17	28	-1	-1
10	12	21	3	-1	-1
10	12	24	25	-1	-1
10	12	26	30	-1	-1
10	12	27	6	-1	-1
10	12	29	18	-1	-1
10	13	0	24	-1	-1
10	13	2	25	-1	-1
10	13	3	1	-1	-1
10	13	4	7	-1	-1
10	13	6	26	-1	-1
10	13	8	5	-1	-1
10	13	10	11	-1	-1
10	13	15	12	-1	-1
10	13	16	18	-1	-1
10	13	19	31	-1	-1
10	13	21	27	-1	-1
10	13	23	22	-1	-1
10	13	28	13	-1	-1
10	13	30	29	-1	-1
10	14	2	21	-1	-1
10	14	4	6	-1	-1
10	14	5	24	-1	-1
10	14	7	16	-1	-1
10	14	8	29	-1	-1
10	14	9	11	-1	-1
10	14	14	13	-1	-1
10	14	15	30	-1	-1
10	14	17	19	-1	-1
10	14	18	10	-1	-1
10	14	20	23	-1	-1
10	14	22	3	-1	-1
10	14	26	27	-1	-1
10	14	31	28	-1	-1
10	15	0	2	-1	-1
10	15	3	20	-1	-1
10	15	5	4	-1	-1
10	15	7	8	-1	-1
10	15	9	6	-1	-1
10	15	10	14	-1	-1
10	15	11	17	-1	-1
10	15	12	1	-1	-1
10	15	13	15	-1	-1
10	15	16	31	-1	-1
10	15	19	18	-1	-1
10	15	22	21	-1	-1
10	15	24	27	-1	-1
10	15	25	26	-1	-1
10	15	28	30	-1	-1
10	15	29	23	-1	-1
10	16	1	3	-1	-1
10	16	2	13	-1	-1
10	16	4	10	-1	-1
10	16	6	7	-1	-1
10	16	8	11	-1	-1
10	16	14	29	-1	-1
10	16	15	5	-1	-1
10	16	17	9	-1	-1
10	16	18	28	-1	-1
10	16	20	22	-1	-1
10	16	21	0	-1	-1
10	16	23	16	-1	-1
10	16	25	24	-1	-1
10	16	27	26	-1	-1
10	16	30	19	-1	-1
10	16	31	12	-1	-1
10	17	1	13	-1	-1
10	17	2	22	-1	-1
10	17	3	23	-1	-1
10	17	5	7	-1	-1
10	17	8	4	-1	-1
10	17	10	9	-1	-1
10	17	11	28	-1	-1
10	17	12	6	-1	-1
10	17	14	0	-1	-1
10	17	17	18	-1	-1
10	17	19	24	-1	-1
10	17	21	20	-1	-1
10	17	26	25	-1	-1
10	17	27	31	-1	-1
10	17	29	15	-1	-1
10	17	30	16	-1	-1
10	18	0	1	-1	-1
10	18	3	2	-1	-1
10	18	6	5	-1	-1
10	18	7	4	-1	-1
10	18	9	8	-1	-1
10	18	11	10	-1	-1
10	18	13	12	-1	-1
10	18	15	14	-1	-1
10	18	16	17	-1	-1
10	18	18	19	-1	-1
10	18	22	20	-1	-1
10	18	23	21	-1	-1
10	18	24	26	-1	-1
10	18	25	27	-1	-1
10	18	28	29	-1	-1
10	18	31	30	-1	-1
11	1	1	2	-1	-1
11	1	3	25	-1	-1
11	1	6	4	-1	-1
11	1	8	15	-1	-1
11	1	10	13	-1	-1
11	1	11	0	-1	-1
11	1	12	29	-1	-1
11	1	14	31	-1	-1
11	1	16	21	-1	-1
11	1	18	26	-1	-1
11	1	19	9	-1	-1
11	1	20	7	-1	-1
11	1	22	17	-1	-1
11	1	23	5	-1	-1
11	1	28	27	-1	-1
11	1	30	24	-1	-1
11	2	0	1	-1	-1
11	2	2	3	-1	-1
11	2	4	10	-1	-1
11	2	7	23	-1	-1
11	2	9	16	-1	-1
11	2	12	6	-1	-1
11	2	13	8	-1	-1
11	2	15	11	-1	-1
11	2	17	18	-1	-1
11	2	19	20	-1	-1
11	2	21	5	-1	-1
11	2	22	30	-1	-1
11	2	24	27	-1	-1
11	2	26	25	-1	-1
11	2	28	14	-1	-1
11	2	29	31	-1	-1
11	3	1	15	-1	-1
11	3	3	12	-1	-1
11	3	5	7	-1	-1
11	3	8	17	-1	-1
11	3	9	11	-1	-1
11	3	14	13	-1	-1
11	3	16	10	-1	-1
11	3	18	22	-1	-1
11	3	20	6	-1	-1
11	3	23	19	-1	-1
11	3	24	29	-1	-1
11	3	25	4	-1	-1
11	3	26	2	-1	-1
11	3	27	21	-1	-1
11	3	30	28	-1	-1
11	3	31	0	-1	-1
11	4	4	0	-1	-1
11	4	5	1	-1	-1
11	4	6	9	-1	-1
11	4	7	3	-1	-1
11	4	8	12	-1	-1
11	4	10	19	-1	-1
11	4	11	18	-1	-1
11	4	13	30	-1	-1
11	4	15	14	-1	-1
11	4	17	16	-1	-1
11	4	20	21	-1	-1
11	4	23	22	-1	-1
11	4	25	28	-1	-1
11	4	27	2	-1	-1
11	4	29	26	-1	-1
11	4	31	24	-1	-1
11	5	0	13	-1	-1
11	5	1	27	-1	-1
11	5	2	4	-1	-1
11	5	3	24	-1	-1
11	5	5	8	-1	-1
11	5	7	6	-1	-1
11	5	10	14	-1	-1
11	5	12	11	-1	-1
11	5	16	15	-1	-1
11	5	17	19	-1	-1
11	5	18	9	-1	-1
11	5	21	23	-1	-1
11	5	22	20	-1	-1
11	5	26	31	-1	-1
11	5	29	28	-1	-1
11	5	30	25	-1	-1
11	6	0	7	-1	-1
11	6	1	6	-1	-1
11	6	4	5	-1	-1
11	6	9	17	-1	-1
11	6	13	31	-1	-1
11	6	14	8	-1	-1
11	6	15	12	-1	-1
11	6	18	16	-1	-1
11	6	19	25	-1	-1
11	6	20	10	-1	-1
11	6	21	29	-1	-1
11	6	23	11	-1	-1
11	6	27	30	-1	-1
11	6	28	2	-1	-1
11	7	3	2	-1	-1
11	7	4	20	-1	-1
11	7	5	22	-1	-1
11	7	9	8	-1	-1
11	7	12	10	-1	-1
11	7	13	7	-1	-1
11	7	16	27	-1	-1
11	7	17	21	-1	-1
11	7	24	1	-1	-1
11	7	25	29	-1	-1
11	7	26	23	-1	-1
11	7	30	15	-1	-1
11	7	31	18	-1	-1
11	8	1	0	-1	-1
11	8	2	14	-1	-1
11	8	6	23	-1	-1
11	8	7	5	-1	-1
11	8	9	3	-1	-1
11	8	11	10	-1	-1
11	8	18	20	-1	-1
11	8	21	4	-1	-1
11	8	22	16	-1	-1
11	8	25	24	-1	-1
11	8	27	26	-1	-1
11	8	28	19	-1	-1
11	8	29	13	-1	-1
11	8	30	17	-1	-1
11	8	31	12	-1	-1
11	9	0	6	-1	-1
11	9	2	25	-1	-1
11	9	3	5	-1	-1
11	9	4	1	-1	-1
11	9	7	21	-1	-1
11	9	10	9	-1	-1
11	9	12	28	-1	-1
11	9	14	30	-1	-1
11	9	15	29	-1	-1
11	9	16	11	-1	-1
11	9	18	13	-1	-1
11	9	19	8	-1	-1
11	9	20	22	-1	-1
11	9	24	26	-1	-1
11	10	0	3	-1	-1
11	10	6	5	-1	-1
11	10	8	1	-1	-1
11	10	10	2	-1	-1
11	10	13	15	-1	-1
11	10	17	11	-1	-1
11	10	19	14	-1	-1
11	10	21	22	-1	-1
11	10	23	18	-1	-1
11	10	24	28	-1	-1
11	10	25	20	-1	-1
11	10	26	7	-1	-1
11	10	27	31	-1	-1
11	10	30	12	-1	-1
11	11	1	3	-1	-1
11	11	2	24	-1	-1
11	11	4	7	-1	-1
11	11	5	0	-1	-1
11	11	8	16	-1	-1
11	11	9	15	-1	-1
11	11	11	14	-1	-1
11	11	17	10	-1	-1
11	11	18	19	-1	-1
11	11	20	23	-1	-1
11	11	22	6	-1	-1
11	11	26	30	-1	-1
11	11	28	13	-1	-1
11	11	29	27	-1	-1
11	11	31	25	-1	-1
11	12	0	26	-1	-1
11	12	3	4	-1	-1
11	12	7	2	-1	-1
11	12	10	8	-1	-1
11	12	11	9	-1	-1
11	12	14	12	-1	-1
11	12	15	28	-1	-1
11	12	16	17	-1	-1
11	12	19	22	-1	-1
11	12	21	18	-1	-1
11	12	23	31	-1	-1
11	12	24	6	-1	-1
11	12	25	1	-1	-1
11	12	27	5	-1	-1
11	12	30	29	-1	-1
11	13	2	0	-1	-1
11	13	5	4	-1	-1
11	13	6	21	-1	-1
11	13	8	11	-1	-1
11	13	12	13	-1	-1
11	13	14	9	-1	-1
11	13	19	17	-1	-1
11	13	20	16	-1	-1
11	13	22	23	-1	-1
11	13	27	24	-1	-1
11	13	28	26	-1	-1
11	13	29	1	-1	-1
11	13	30	3	-1	-1
11	13	31	15	-1	-1
11	14	0	27	-1	-1
11	14	6	7	-1	-1
11	14	8	10	-1	-1
11	14	11	19	-1	-1
11	14	15	13	-1	-1
11	14	16	18	-1	-1
11	14	17	12	-1	-1
11	14	21	20	-1	-1
11	14	22	9	-1	-1
11	14	23	4	-1	-1
11	14	24	25	-1	-1
11	14	26	3	-1	-1
11	14	28	31	-1	-1
11	14	29	14	-1	-1
11	15	2	5	-1	-1
11	15	3	1	-1	-1
11	15	4	6	-1	-1
11	15	7	11	-1	-1
11	15	9	12	-1	-1
11	15	13	14	-1	-1
11	15	15	10	-1	-1
11	15	18	8	-1	-1
11	15	19	16	-1	-1
11	15	20	17	-1	-1
11	15	23	21	-1	-1
11	15	24	22	-1	-1
11	15	25	0	-1	-1
11	15	26	27	-1	-1
11	15	28	29	-1	-1
11	15	31	30	-1	-1
11	16	0	2	-1	-1
11	16	1	26	-1	-1
11	16	5	20	-1	-1
11	16	6	3	-1	-1
11	16	8	9	-1	-1
11	16	10	18	-1	-1
11	16	11	13	-1	-1
11	16	12	15	-1	-1
11	16	14	4	-1	-1
11	16	16	23	-1	-1
11	16	17	24	-1	-1
11	16	21	19	-1	-1
11	16	22	7	-1	-1
11	16	27	25	-1	-1
11	16	29	30	-1	-1
11	16	31	28	-1	-1
11	17	1	7	-1	-1
11	17	4	22	-1	-1
11	17	6	2	-1	-1
11	17	10	11	-1	-1
11	17	12	14	-1	-1
11	17	13	9	-1	-1
11	17	15	5	-1	-1
11	17	17	23	-1	-1
11	17	19	18	-1	-1
11	17	20	28	-1	-1
11	17	21	8	-1	-1
11	17	24	0	-1	-1
11	17	25	26	-1	-1
11	17	27	3	-1	-1
11	17	29	16	-1	-1
11	17	30	31	-1	-1
11	18	2	1	-1	-1
11	18	3	0	-1	-1
11	18	5	6	-1	-1
11	18	7	4	-1	-1
11	18	9	10	-1	-1
11	18	11	8	-1	-1
11	18	13	12	-1	-1
11	18	14	15	-1	-1
11	18	16	19	-1	-1
11	18	18	17	-1	-1
11	18	22	21	-1	-1
11	18	23	20	-1	-1
11	18	25	27	-1	-1
11	18	26	24	-1	-1
11	18	28	30	-1	-1
11	18	31	29	-1	-1
12	1	1	4	-1	-1
12	1	3	2	-1	-1
12	1	6	28	-1	-1
12	1	8	5	-1	-1
12	1	10	7	-1	-1
12	1	12	25	-1	-1
12	1	13	15	-1	-1
12	1	14	24	-1	-1
12	1	16	21	-1	-1
12	1	17	23	-1	-1
12	1	18	0	-1	-1
12	1	19	31	-1	-1
12	1	20	11	-1	-1
12	1	22	9	-1	-1
12	1	26	29	-1	-1
12	1	30	27	-1	-1
12	2	0	3	-1	-1
12	2	2	1	-1	-1
12	2	4	8	-1	-1
12	2	5	10	-1	-1
12	2	7	13	-1	-1
12	2	11	21	-1	-1
12	2	14	26	-1	-1
12	2	15	9	-1	-1
12	2	16	17	-1	-1
12	2	18	19	-1	-1
12	2	20	22	-1	-1
12	2	23	27	-1	-1
12	2	24	12	-1	-1
12	2	25	28	-1	-1
12	2	29	6	-1	-1
12	2	31	30	-1	-1
12	3	1	20	-1	-1
12	3	3	19	-1	-1
12	3	4	6	-1	-1
12	3	7	29	-1	-1
12	3	8	2	-1	-1
12	3	9	0	-1	-1
12	3	10	11	-1	-1
12	3	12	14	-1	-1
12	3	13	18	-1	-1
12	3	15	25	-1	-1
12	3	21	23	-1	-1
12	3	22	17	-1	-1
12	3	26	16	-1	-1
12	3	27	31	-1	-1
12	3	28	24	-1	-1
12	3	30	5	-1	-1
12	4	0	12	-1	-1
12	4	1	13	-1	-1
12	4	2	14	-1	-1
12	4	3	16	-1	-1
12	4	6	15	-1	-1
12	4	9	5	-1	-1
12	4	11	8	-1	-1
12	4	17	20	-1	-1
12	4	19	22	-1	-1
12	4	21	18	-1	-1
12	4	23	10	-1	-1
12	4	26	25	-1	-1
12	4	27	24	-1	-1
12	4	28	7	-1	-1
12	4	29	30	-1	-1
12	4	31	4	-1	-1
12	5	4	9	-1	-1
12	5	5	14	-1	-1
12	5	6	31	-1	-1
12	5	8	29	-1	-1
12	5	10	1	-1	-1
12	5	11	7	-1	-1
12	5	13	3	-1	-1
12	5	15	12	-1	-1
12	5	16	2	-1	-1
12	5	17	0	-1	-1
12	5	18	23	-1	-1
12	5	20	19	-1	-1
12	5	21	22	-1	-1
12	5	24	26	-1	-1
12	5	25	27	-1	-1
12	5	28	30	-1	-1
12	6	3	21	-1	-1
12	6	4	24	-1	-1
12	6	5	11	-1	-1
12	6	7	25	-1	-1
12	6	9	8	-1	-1
12	6	12	1	-1	-1
12	6	14	13	-1	-1
12	6	15	2	-1	-1
12	6	18	28	-1	-1
12	6	20	10	-1	-1
12	6	22	26	-1	-1
12	6	23	16	-1	-1
12	6	29	31	-1	-1
12	6	30	6	-1	-1
12	7	2	17	-1	-1
12	7	3	0	-1	-1
12	7	5	6	-1	-1
12	7	7	9	-1	-1
12	7	8	23	-1	-1
12	7	12	10	-1	-1
12	7	16	29	-1	-1
12	7	22	18	-1	-1
12	7	24	19	-1	-1
12	7	25	13	-1	-1
12	7	26	30	-1	-1
12	7	27	14	-1	-1
12	7	31	20	-1	-1
12	8	0	6	-1	-1
12	8	1	2	-1	-1
12	8	7	4	-1	-1
12	8	9	20	-1	-1
12	8	10	22	-1	-1
12	8	11	3	-1	-1
12	8	13	26	-1	-1
12	8	14	12	-1	-1
12	8	17	18	-1	-1
12	8	19	16	-1	-1
12	8	24	15	-1	-1
12	8	25	31	-1	-1
12	8	28	21	-1	-1
12	8	29	27	-1	-1
12	8	30	23	-1	-1
12	9	2	13	-1	-1
12	9	4	29	-1	-1
12	9	5	28	-1	-1
12	9	6	7	-1	-1
12	9	10	31	-1	-1
12	9	14	0	-1	-1
12	9	15	1	-1	-1
12	9	18	3	-1	-1
12	9	19	17	-1	-1
12	9	21	9	-1	-1
12	9	22	8	-1	-1
12	9	23	11	-1	-1
12	9	26	12	-1	-1
12	9	27	25	-1	-1
12	10	0	1	-1	-1
12	10	2	5	-1	-1
12	10	3	7	-1	-1
12	10	4	30	-1	-1
12	10	8	10	-1	-1
12	10	9	23	-1	-1
12	10	11	28	-1	-1
12	10	12	19	-1	-1
12	10	14	15	-1	-1
12	10	20	16	-1	-1
12	10	21	17	-1	-1
12	10	25	18	-1	-1
12	10	27	26	-1	-1
12	10	31	24	-1	-1
12	11	0	2	-1	-1
12	11	1	14	-1	-1
12	11	7	30	-1	-1
12	11	8	6	-1	-1
12	11	10	21	-1	-1
12	11	11	4	-1	-1
12	11	12	13	-1	-1
12	11	15	27	-1	-1
12	11	16	22	-1	-1
12	11	17	3	-1	-1
12	11	18	20	-1	-1
12	11	23	19	-1	-1
12	11	24	25	-1	-1
12	11	28	31	-1	-1
12	11	29	5	-1	-1
12	12	2	18	-1	-1
12	12	3	12	-1	-1
12	12	5	7	-1	-1
12	12	6	4	-1	-1
12	12	9	11	-1	-1
12	12	13	0	-1	-1
12	12	14	16	-1	-1
12	12	15	17	-1	-1
12	12	19	1	-1	-1
12	12	20	24	-1	-1
12	12	21	8	-1	-1
12	12	22	23	-1	-1
12	12	27	28	-1	-1
12	12	30	29	-1	-1
12	12	31	26	-1	-1
12	13	0	23	-1	-1
12	13	1	3	-1	-1
12	13	2	22	-1	-1
12	13	4	5	-1	-1
12	13	6	11	-1	-1
12	13	8	20	-1	-1
12	13	10	9	-1	-1
12	13	13	14	-1	-1
12	13	17	16	-1	-1
12	13	19	21	-1	-1
12	13	24	27	-1	-1
12	13	26	15	-1	-1
12	13	29	25	-1	-1
12	13	30	28	-1	-1
12	14	0	19	-1	-1
12	14	6	27	-1	-1
12	14	7	5	-1	-1
12	14	9	30	-1	-1
12	14	10	8	-1	-1
12	14	11	22	-1	-1
12	14	12	15	-1	-1
12	14	13	24	-1	-1
12	14	16	1	-1	-1
12	14	18	17	-1	-1
12	14	20	21	-1	-1
12	14	25	26	-1	-1
12	14	28	4	-1	-1
12	14	31	29	-1	-1
12	15	1	18	-1	-1
12	15	2	0	-1	-1
12	15	4	12	-1	-1
12	15	5	31	-1	-1
12	15	7	8	-1	-1
12	15	9	6	-1	-1
12	15	11	10	-1	-1
12	15	14	3	-1	-1
12	15	15	13	-1	-1
12	15	16	19	-1	-1
12	15	22	21	-1	-1
12	15	23	20	-1	-1
12	15	26	24	-1	-1
12	15	27	17	-1	-1
12	15	29	28	-1	-1
12	15	30	25	-1	-1
12	16	0	15	-1	-1
12	16	3	1	-1	-1
12	16	6	5	-1	-1
12	16	8	9	-1	-1
12	16	10	4	-1	-1
12	16	12	27	-1	-1
12	16	13	11	-1	-1
12	16	17	30	-1	-1
12	16	18	16	-1	-1
12	16	19	2	-1	-1
12	16	21	20	-1	-1
12	16	23	22	-1	-1
12	16	24	29	-1	-1
12	16	25	14	-1	-1
12	16	28	26	-1	-1
12	16	31	7	-1	-1
12	17	0	16	-1	-1
12	17	1	17	-1	-1
12	17	3	15	-1	-1
12	17	4	7	-1	-1
12	17	5	26	-1	-1
12	17	6	10	-1	-1
12	17	11	9	-1	-1
12	17	12	2	-1	-1
12	17	14	8	-1	-1
12	17	19	18	-1	-1
12	17	20	23	-1	-1
12	17	21	25	-1	-1
12	17	24	30	-1	-1
12	17	27	13	-1	-1
12	17	29	22	-1	-1
12	17	31	28	-1	-1
12	18	1	0	-1	-1
12	18	2	3	-1	-1
12	18	5	4	-1	-1
12	18	7	6	-1	-1
12	18	8	11	-1	-1
12	18	9	10	-1	-1
12	18	13	12	-1	-1
12	18	15	14	-1	-1
12	18	16	18	-1	-1
12	18	17	19	-1	-1
12	18	22	20	-1	-1
12	18	23	21	-1	-1
12	18	25	24	-1	-1
12	18	26	27	-1	-1
12	18	28	29	-1	-1
12	18	30	31	-1	-1
